cityID,placeName,placeID,number,address,categoryID
2,칠보산,0,,경기도 수원시 권선구 금호동 온정로91번길 445-30,5
2,광교산,1,031-324-8373,경기도 수원시 장안구 상·하광교동,5
2,인계예술공원,2,031-228-4190,경기도 수원시 팔달구 동수원로 335,5
2,만석공원,3,031-228-4509,경기도 수원시 장안구 송죽동 434,5
2,효원공원,4,031-228-4192,경기도 수원시 팔달구 동수원로 399,5
2,월화원,5,031-228-4184,경기도 수원시 팔달구 동수원로 399,5
2,수원공방거리,6,031-228-3643,경기도 수원시 팔달구 행궁로,5
2,서호(축만제),7,,경기도 수원시 팔달구 화서동 436-1,5
2,광교저수지,8,,경기도 수원시 장안구 하광교동,5
2,광교호수공원,9,031-228-4197,경기도 수원시 영통구 광교호수공원로 102,5
2,광교산 산림욕장,10,,경기도 수원시 장안구 파장동,5
2,효행공원,11,,경기도 수원시 장안구 파장동 39-6,5
2,수원화성,12,031-228-4480,경기도 수원시 팔달구 행궁로 11,1
2,kbs수원센터,13,031-219-8081,경기도 수원시 팔달구 인계로 123,2
2,수원화성홍보관,14,031-290-3600,경기도 수원시 팔달구 행궁로 11,2
2,아담스기념관,15,031-228-2476,경기도 수원시 팔달구 매향동 110번지,2
2,경기상상캠퍼스,16,031-296-1980,경기도 수원시 권선구 서둔로 166,2
2,경기도문화의전당,17,031-230-3200,경기도 수원시 팔달구 효원로 307번길 20,2
2,수원시민회관,18,031-244-2162,경기도 수원시 팔달구 팔달산로 28,2
2,수원제1야외음악당,19,031-236-5740,경기도 수원시 팔달구 동수원로 335,2
2,수원청소년문화센터,20,031-218-0400,경기도 수원시 팔달구 권광로 293 수원청소년종합복지관,2
2,수원문화원,21,031-244-2161,경기도 수원시 팔달구 팔달산로 28,2
2,수원월드컵경기장,22,031-202-2002,경기도 수원시 팔달구 월드컵로 310,2
2,수원박물관,23,031-228-4150,경기도 수원시 영통구 창룡대로 265,2
2,애기똥풀인형극장,24,070-8222-8373,경기도 수원시 팔달구 신풍로 47,2
2,어린이생태미술체험관풀잎,25,031-269-3647,경기도 수원시 장안구 경수대로 1274 효행공원 내,2
2,수원시무형문화재전수회관,26,031-228-4613,경기도 수원시 팔달구 수원천로 372,2
2,수원시립아이파크미술관,27,031-228-3800,경기도 수원시 팔달구 정조로 833,2
2,수원농수산물유통센터,28,031-299-9001,경기도 수원시 권선구 서부로 1937 농협하나로클럽,2
2,잠사과학박물관,29,031-290-8540,경기도 수원시 권선구 서호로 54,2
2,지도박물관,30,031-210-2667,경기도 수원시 영통구 월드컵길 92,2
2,수원미술전시관,31,031-228-4118,경기도 수원시 장안구 송정로 19,2
2,생태교통마을벽화,32,031-228-7603,경기도 수원시 팔달구 신풍로23번길 40 (기준주소: 행궁동주민센터),2
2,행궁동벽화골목,33,031-228-7603,경기도 수원시 팔달구 화서문로 82-6,2
2,축구박물관,34,031-259-2070,경기도 수원시 팔달구 월드컵로 310,2
2,광교박물관,35,031-228-4175,경기도 수원시 영통구 광교로 182,2
2,화성박물관,36,031-228-4242,경기도 수원시 팔달구 창룡대로 21 (매향동),2
2,해우재,37,031-271-9777,경기도 수원시 장안구 장안로458번길 9,2
2,수원 해우재,38,031-271-9777,경기도 수원시 장안구 장안로 463 (이목동),2
2,수원 해우재,39,031-271-9777,경기도 수원시 장안구 장안로 463 (이목동),2
2,수원 해우재,40,031-271-9777,경기도 수원시 장안구 장안로 463 (이목동),2
2,수원 해우재,41,031-271-9777,경기도 수원시 장안구 장안로 463 (이목동),2
2,광교호수공원애견놀이터,42,031-228-4196,경기도 수원시 영통구 하동 1008-9,2
2,수원 해우재,43,031-271-9777,경기도 수원시 장안구 장안로 463 (이목동),2
2,지동벽화마을,44,031-228-7609,경기도 수원시 팔달구 창룡문로 56 (기준주소: 지동시립어린이집),2
2,수원시기후변화체험교육관 두드림,45,031-273-8320,경기도 수원시 권선구 호매실로 46-38 기후변화체험관,6
2,수원화성홍보관,46,031-290-3600,경기도 수원시 팔달구 행궁로 11,6
2,삼성이노베이션뮤지엄,47,031-200-3113,경기도 수원시 영통구 삼성로 129 삼성전자 삼성이노베이션뮤지엄,6
2,니나노 공정여행,48,031-306-4431,경기도 수원시 영통구,6
2,칠보생태환경체험교육관,49,031-295-4545,경기도 수원시 권선구 서수원로 577번길 225,6
2,플라잉수원,50,031-247-1300,경기도 수원시 팔달구 지동 255-4,6
2,전통식생활체험관,51,031-247-3761,경기도 수원시 팔달구 정조로 893,6
2,화성행궁,52,031-228-4480,경기도 수원시 팔달구 정조로 825,6
2,kbs수원센터,53,031-219-8081,경기도 수원시 팔달구 인계로 123,6
2,예절교육관,54,031-247-5611,경기도 수원시 팔달구 정조로 893,6
2,봉녕사,55,031-256-4127,경기도 수원시 팔달구 창룡대로 236-54,7
2,팔달사,56,031-256-7990,경기도 수원시 팔달구 행궁로 68,7
2,수원사(용주사수원포교당),57,031-245-9670,경기도 수원시 팔달구 수원천로 300,7
2,수원온수골온천,58,031-221-4277,경기도 수원시 권선구 동수원로 232,7
2,수원통닭거리,59,031-228-4676,경기도 수원시 팔달구 정조로800번길 16,7
2,천주교북수동교회,60,031-246-8844,경기도 수원시 팔달구 정조로 842,7
2,청련암,61,031-255-1020,경기도 수원시 장안구 수일로 335,7
2,묘수사,62,031-255-3657,경기도 수원시 팔달구 화서문로71번길 2-6,7
2,광교호수공원 가족캠핑장,63,031-548-0075,경기도 수원시 영통구 광교호수로 57,4
2,스포츠아일랜드,64,031-259-2154,경기도 수원시 팔달구 창룡대로210번길 41,4
2,기와집,65,031-298-8882,경기도 수원시 권선구 서수원로594번길 251,0
2,장터설렁탕,66,031-293-1006,경기도 수원시 권선구 수인로 257,0
2,거진포생태도루묵,67,031-222-2381,경기도 수원시 팔달구 중부대로128번길 49,0
2,추미정남원추어탕,68,031-271-6400,경기도 수원시 장안구 파장천로 123,0
2,바나나테이블,69,031-205-0008,경기도 수원시 영통구 센트럴타운로 85,0
2,우리낙지한마당,70,031-226-2991,경기도 수원시 팔달구 갓매산로 21,0
2,명가정,71,031-255-9916,경기도 수원시 권선구 탑동로57번길 29,0
2,남촌,72,031-239-0411,경기도 수원시 권선구 권광로123번길 15,0
2,서윤한정식,73,031-273-2345,경기도 수원시 영통구 덕영대로1499번길 28,0
2,한국관,74,031-217-8889,경기도 수원시 팔달구 권선로741번길 16-8,0
2,대유평,75,031-227-2358,경기도 수원시 장안구 수일로 221,0
2,가보정,76,031-238-3883,경기도 수원시 팔달구 장다리로 282,0
2,돌솥삼계탕,77,031-294-9600,경기도 수원시 권선구 수인로 273,0
2,송풍가든,78,031-252-4700,경기도 수원시 장안구 경수대로 1013,0
2,신라갈비,79,031-212-2354,경기도 수원시 영통구 동수원로 538,0
2,본수원갈비,80,031-211-5952,경기도 수원시 팔달구 중부대로223번길 41,0
3,신구대학교식물원,81,031-724-1600,경기도 성남시 수정구 적푸리로 9,3
3,황새울공원,82,031-729-4384,경기도 성남시 분당구 서현동 분당구청 뒷 편,5
3,책테마파크,83,031-708-3588,경기도 성남시 분당구 문정로 145,5
3,황송공원,84,031-729-4788,경기도 성남시 중원구 금광1동 산9,5
3,희망대공원,85,031-729-4786,경기도 성남시 수정구 수정로306번길 45-1,5
3,분당중앙공원,86,031-729-4907,경기도 성남시 분당구 성남대로 550,5
3,성남시립식물원(은행식물원),87,031-729-4319,경기도 성남시 중원구 은행로 72,5
3,신구대학식물원,88,031-724-1600,경기도 성남시 수정구 적푸리로 9,5
3,맹산생태학습원,89,031-702-1192,경기도 성남시 분당구 판교로 628,5
3,율동공원,90,031-702-8713,경기도 성남시 분당구 문정로 145,5
3,성남 모란장,91,031-721-9905,경기도 성남시 중원구 둔촌대로 79,1
3,한국잡월드,92,031-1644-1333,경기도 성남시 분당구 분당수서로 501,1
3,성남고령친화종합체험관,93,031-1644-0891,경기도 성남시 분당구 야탑로205번길 26,2
3,성남시 야외공연장,94,031-711-7762,경기도 성남시 분당구 성남대로 550 (수내동),2
3,미누현대미술관,95,031-754-9696,경기도 성남시 수정구 공원로 360,2
3,새마을운동중앙연수원새마을역사관,96,031-780-7827,경기도 성남시 분당구 새마을로 257,2
3,코리아디자인센터,97,031-780-2246,경기도 성남시 분당구 양현로 322 코리아디자인센터,2
3,성남시민회관,98,031-735-1960,경기도 성남시 수정구 수정로171번길 10,2
3,성남아트센터,99,031-783-8000,경기도 성남시 분당구 성남대로 808 성남아트센터,2
3,성남문화원,100,031-756-1082,경기도 성남시 수정구 산성대로215번길 7 (신흥동),2
3,한생연 마이크로과학박물관,101,031-711-0154,경기도 성남시 분당구 성남대로 381 폴라리스Ⅰ빌딩 4층,2
3,국가기록원 서울기록관,102,031-750-2033,경기도 성남시 수정구 대왕판교로851번길 30,6
3,다시 쓰는 세상 순환자원홍보관,103,031-1688-9609,경기도 성남시 분당구 석운로164번길 19,6
3,국가기록원 나라기록관,104,031-750-2000,경기도 성남시 수정구 대왕판교로 851번길 30,6
3,봉국사,105,031-755-0329,경기도 성남시 수정구 태평로 79,7
3,망경암,106,031-753-3090,경기도 성남시 수정구 태평로55번길 72,7
3,이일천랜드,107,031-737-6000,경기도 성남시 중원구 사기막골로105번길 25 (상대원동),7
3,약사사,108,031-734-3205,경기도 성남시 중원구 산성대로625번길 22,7
3,성남시 가족캠핑숲,109,031-729-4299,경기도 성남시 수정구 가마절로 47,4
3,고암남원추어탕,110,031-742-5666,경기도 성남시 수정구 산성대로 597,0
3,두향,111,031-718-3344,경기도 성남시 분당구 불곡남로 5,0
3,유명갈매기,112,031-752-2393,경기도 성남시 중원구 양현로 469,0
3,북촌생태찌개,113,031-755-2707,경기도 성남시 수정구 대왕판교로 907,0
3,욕쟁이 장마담집,114,031-745-5700,경기도 성남시 수정구 수정로 460-3,0
4,서울대관악수목원,115,031-473-0071,경기도 안양시 만안구 예술공원로 280,3
4,삼성산,116,031-8045-2419,경기도 안양시 만안구 석수동,5
4,삼성산산림욕장,117,031-8045-3511,경기도 안양시 만안구 예술공원로131번길 49,5
4,안양예술공원,118,031-8045-2473,경기도 안양시 만안구 석수동 240-18,5
4,안양예술공원,119,031-8045-2473,경기도 안양시 만안구 석수동 240-18,5
4,안양예술공원,120,031-8045-2473,경기도 안양시 만안구 석수동 240-18,5
4,관악산산림욕장,121,031-8045-2419,경기도 안양시 동안구 평촌대로476번길 30-2,5
4,병목안산림욕장석탑,122,031-8045-5591,경기도 안양시 만안구 안양9동 산 79-3,5
4,병목안시민공원,123,031-8045-5591,경기도 안양시 만안구 안양9동 산81-1번지,5
4,안양순대곱창골목,124,031-8045-2473,경기도 안양시 만안구 냉천로 196,5
4,안양예술공원,125,031-8045-2473,경기도 안양시 만안구 석수동 240-18,5
4,안양예술공원,126,031-8045-2473,경기도 안양시 만안구 석수동 240-18,5
4,서울대관악수목원,127,031-473-0071,경기도 안양시 만안구 예술공원로 280,5
4,안양예술공원,128,031-8045-2473,경기도 안양시 만안구 석수동 산21,5
4,안양예술공원,129,031-8045-5284,경기도 안양시 만안구 예술공원로 131,1
4,평촌아트홀,130,031-687-0555,경기도 안양시 동안구 평촌대로 76,2
4,안양문화예술재단,131,031-389-5200,경기도 안양시 만안구 문예로36번길 16,2
4,김중업 건축박물관 (옛 유유산업 공장),132,031-687-0909,경기도 안양시 만안구 예술공원로103번길 4 (석수동),2
4,안양박물관,133,031-687-0909,경기도 안양시 만안구 안양예술공원로103번길 4 (석수동),2
4,안양문화원,134,031-449-4451,경기도 안양시 만안구 현충로 53,2
4,삼막애견공원,135,070-4140-4000,경기도 안양시 만안구 석수동 18,6
4,삼막사,136,031-472-3101,경기도 안양시 만안구 삼막로 478,7
4,망해암,137,031-443-5559,경기도 안양시 만안구 임곡로 245,7
4,안양사,138,031-471-4848,경기도 안양시 만안구 예술공원로131번길 103,7
4,천주교호평교회,139,031-454-3004,경기도 안양시 동안구 전파로95번길 16,7
4,안양워터랜드,140,031-474-5555,경기도 안양시 만안구 예술공원로 153-32,7
4,염불암,141,031-471-2300,경기도 안양시 만안구 예술공원로245번길 150,7
4,병목안캠핑장,142,031-389-5299,경기도 안양시 만안구 병목안로247번길 37,4
4,해조,143,031-385-1407,경기도 안양시 동안구 관평로186번길 23,0
4,명가원설농탕,144,031-384-5335,경기도 안양시 동안구 관악대로 249,0
4,함흥옥,145,031-426-3362,경기도 안양시 동안구 시민대로 401,0
4,화진가든,146,031-472-9292,경기도 안양시 만안구 안양로 468,0
4,허서방추어탕메기매운탕,147,031-473-3040,경기도 안양시 만안구 예술공원로 118,0
4,흥부가,148,031-472-0100,경기도 안양시 만안구 삼막로 34-15,0
5,바다향기수목원,149,031-8008-6972,경기도 안산시 단원구 대부황금로 399,3
5,구봉도낙조전망대,150,031-1899-1720,경기도 안산시 단원구 구봉타운길 43,5
5,탄도 바닷길,151,032-885-3745,경기도 안산시 단원구 대부황금로 7,5
5,시화나래조력공원,152,032-890-6520,경기도 안산시 단원구 대부황금로 1927,5
5,바다향기수목원,153,031-8008-6795,경기도 안산시 단원구 대부황금로 399,5
5,풍도,154,031-481-2000,경기도 안산시 단원구 풍도길 8,5
5,노적봉 공원,155,031-481-3179,경기도 안산시 상록구 성포동 산39-1,5
5,안산호수공원,156,,경기도 안산시 상록구 사3동 1509,5
5,대부해솔길,157,031-1899-1720,경기도 안산시 단원구 대부도일대,5
5,안산갈대습지공원,158,031-481-3810,경기도 안산시 상록구 해안로 820-96,5
5,안산갈대습지공원,159,031-481-3810,경기도 안산시 상록구 해안로 820-116,1
5,대부도,160,031-481-3060,경기도 안산시 단원구 화랑로 387,1
5,다문화특구,161,031-1666-1234,경기도 안산시 단원구 원곡동 다문화 1길,1
5,유리섬,162,032-885-6262,경기도 안산시 단원구 부흥로 254,1
5,성호기념관,163,031-481-2574,경기도 안산시 상록구 성호로 131,2
5,누에섬등대전망대,164,010-3038-2331,경기도 안산시 단원구 대부황금로 17-156,2
5,최용신기념관,165,031-481-3040,경기도 안산시 상록구 샘골서길 64번지,2
5,너리굴문화마을,166,031-675-2171,경기도 안산시 보개면 너구리굴길100,2
5,정문규미술관,167,032-881-2753,경기도 안산시 단원구 대부황금로 153-9,2
5,안산문화원,168,031-415-0041,경기도 안산시 상록구 석호로 144,2
5,안산문화예술의전당,169,031-481-4000,경기도 안산시 단원구 화랑로 312,2
5,경기도미술관,170,031-481-7007,경기도 안산시 단원구 동산로 268,2
5,유리섬,171,032-885-6262,경기도 안산시 단원구 부흥로 254,2
5,단원미술관,172,031-481-0505,경기도 안산시 상록구 충장로 422,2
5,탄도어촌체험마을,173,032-885-3745,경기도 안산시 단원구 대부황금로 5-14,6
5,종현어촌체험마을,174,032-886-6044,경기도 안산시 단원구 구봉길 240,6
5,상록수된장마을,175,032-888-0706,경기도 안산시 단원구 대부황금로 717,6
5,선감어촌체험마을,176,032-886-6133,경기도 안산시 단원구 개건너길 78,6
5,유리섬박물관,177,032-885-6262,경기도 안산시 단원구 부흥로 254,6
5,별빛마을포토랜드,178,031-484-5050,경기도 안산시 상록구 수인로 1723,6
5,쌍계사,179,032-886-2110,경기도 안산시 단원구 대부황금로 1171,7
5,대부바다향기테마파크,180,031-481-3409,경기도 안산시 단원구 대부북동 1841-10,7
5,안산패션일번가,181,,경기도 안산시 단원구 화랑로 312 (고잔동817) 안산문화광장,7
5,씨엘관광농원 캠핑장,182,032-881-0750,경기도 안산시 단원구 대부황금로 976,4
5,해솔길 캠핑장,183,010-3305-4077,경기도 안산시 단원구 대부북동 1865-211,4
5,고래숲관광농원,184,010-7672-2447,경기도 안산시 단원구 장불길 14,4
5,베르아델 승마클럽,185,032-882-2255,경기도 안산시 단원구 대부 남동 말부흥 7-11,4
5,카라반랜드,186,010-8583-1759,경기도 안산시 단원구 수영목길 27-75,4
5,탄도항 노을펜션 캠핑장,187,032-888-0711,경기도 안산시 단원구 대부황금로 17-2,4
5,대부도캠핑성,188,010-8650-5481,경기도 안산시 단원구 부흥로 232-68,4
5,광양참숯불구이,189,031-419-9233,경기도 안산시 단원구 광덕동로 101,0
5,단원한정식,190,031-401-3500,경기도 안산시 단원구 광덕대로 251,0
5,복요리전문점복청,191,031-410-3588,경기도 안산시 단원구 원고잔로 15,0
5,오양순추어탕,192,031-401-1778,경기도 안산시 상록구 안산천동로 256,0
5,여울쌈밥,193,031-316-3838,경기도 안산시 단원구 꽃우물1길 16-5,0
5,궁중삼계탕,194,031-502-9090,경기도 안산시 상록구 석호공원로 69,0
5,아미가일식,195,031-483-2331,경기도 안산시 단원구 광덕대로 168,0
5,이천영양돌솥밥,196,031-408-2008,경기도 안산시 상록구 항가울로 7,0
5,해미청,197,031-438-7789,경기도 안산시 상록구 각골로 47,0
5,상록한정식,198,031-500-4455,경기도 안산시 상록구 해안로 705,0
6,한택식물원,199,031-333-3558,경기도 용인시 처인구 백암면 한택로 2,3
6,이동저수지,200,,경기도 용인시 처인구 이동면 어비리 산46,5
6,석성산일출  (용인8경 중 제1경),201,,경기도 용인시 기흥구 중동,5
6,기흥호수공원 (용인8경 중 제3경),202,,경기도 용인시 기흥구 동탄기흥로 923,5
6,용인자연휴양림 (용인8경 중 제5경),203,,경기도 용인시 처인구 모현읍 초부로 220,5
6,가실벚꽃 (용인8경 중 제7경),204,,경기도 용인시 처인구 포곡읍 가실리,5
6,용담저수지(사암지),205,031-322-7860,경기도 용인시 처인구 원삼면 원양로 382-2,5
6,한택식물원,206,031-333-3558,경기도 용인시 처인구 백암면 한택로 2,5
6,광교산사계 ( 용인8경 중 제2경 ),207,,경기도 용인시 수지구 신봉동,5
6,고기리유원지,208,,경기도 용인시 수지구 고기동 818,5
6,조비산,209,,경기도 용인시 처인구 백암면,5
6,광교산,210,,경기도 용인시 수지구 동천동,5
6,백운산,211,,경기도 용인시 수지구 신봉동,5
6,석성산,212,,경기도 용인시 기흥구 동백동,5
6,청명산,213,,경기도 용인시 기흥구 신갈동,5
6,정광산,214,,경기도 용인시 처인구 모현면,5
6,용인농촌테마파크와 연꽃단지  (용인8경 중 제4경),215,,경기도 용인시 처인구 원삼면 농촌파크로 80,5
6,조비산 (용인8경 중 제6경),216,,경기도 용인시 처인구 백암면 용천리,5
6,어비낙조 (용인8경 중 제8경),217,,경기도 용인시 처인구 이동읍 어비리  975-3번지,5
6,용인자연휴양림,218,031-336-0040,경기도 용인시 처인구 모현면 초부로220,5
6,수지 형제봉,219,,경기도 용인시 수지구 동천동 인근,5
6,법화산,220,,경기도 용인시 기흥구 구성동,5
6,매미산,221,,경기도 용인시 기흥구 서농동,5
6,문수산,222,,경기도 용인시 처인구 모현면 동림리 81-4,5
6,숲해설,223,,경기도 용인시 처인구 모현면 초부로 220,5
6,에버랜드,224,031-320-5000,경기도 용인시 처인구 포곡읍 에버랜드로 199,1
6,경기도박물관,225,031-288-5400,경기도 용인시 기흥구 상갈로 6,1
6,농촌테마파크,226,031-324-4081,경기도 용인시 처인구 원삼면 농촌파크로 80-1,1
6,양지파인리조트,227,031-338-2001,경기도 용인시 처인구 양지면 남평로 112,1
6,대장금파크,228,031-337-3241,경기도 용인시 처인구 백암면 용천드라마길 25,1
6,경기도어린이박물관,229,031-270-8600,경기도 용인시 기흥구 상갈로 6,1
6,백남준 아트센터,230,031-201-8500,경기도 용인시 기흥구 백남준로 10,1
6,와우정사,231,031-332-2472,경기도 용인시 해곡동 43 연화산 와우정사,1
6,한국민속촌,232,031-288-0000,경기도 용인시 기흥구 민속촌로 90,1
6,용인 대장금 파크,233,031-337-3241,경기도 용인시 처인구 드라마길 25,2
6,경기도어린이박물관,234,031-270-8600,경기도 용인시 기흥구 상갈로 6,2
6,예아리박물관,235,031-323-7277,경기도 용인시 처인구 백암면 원설로270번길 25,2
6,한국등잔박물관,236,031-334-0797,경기도 용인시 처인구 모현면 능곡로 56번길 8,2
6,단국대학교 석주선기념박물관,237,031-8005-2389,경기도 용인시 수지구 죽전로 152,2
6,백남준아트센터,238,031-201-8500,경기도 용인시 기흥구 백남준로 10,2
6,마가미술관,239,031-334-0365,경기도 용인시 처인구 모현읍 문형동림로101번길 37,2
6,한국기독교순교자기념관,240,031-336-2825,경기도 용인시 처인구 양지면 추계로 235,2
6,여성회관,241,031-324-8984,경기도 용인시 수지구 문정로7번길 15 여성회관,2
6,경기도문화의전당 국악당,242,031-289-6400,경기도 용인시 기흥구 민속촌로 89 경기도국악당,2
6,용인문화원,243,031-324-9600,경기도 용인시 처인구 중부대로 1199,2
6,처인홀문예회관(구.용인시문예회관),244,031-335-0455,경기도 용인시 처인구 중부대로1392번길 15 용인시문예회관,2
6,삼성화재교통박물관,245,031-320-9900,경기도 용인시 처인구 포곡읍 에버랜드로 376번길 171,2
6,경기도박물관,246,031-288-5300,경기도 용인시 기흥구 상갈로 6,2
6,전통민속관,247,031-288-0000,경기도 용인시 기흥구 민속촌로 90,2
6,명지대학교자연캠퍼스박물관,248,031-330-6074,경기도 용인시 처인구 명지로 116,2
6,이영미술관,249,031-213-8223,경기도 용인시 기흥구 흥덕4로 63,2
6,한국미술관,250,031-283-6418,경기도 용인시 기흥구 마북로 244-2,2
6,뮤지엄그라운드 미술관,251,070-4245-3020,경기도 용인시 수지구 샘말로 122(고기동),2
6,한택식물원,252,031-333-3558,경기도 용인시 처인구 백암면 한택로 2,2
6,용인어린이상상의숲,253,031-332-7500,경기도 용인시 처인구 동백죽전대로61,2
6,호암미술관,254,031-320-1801,경기도 용인시 처인구 포곡읍 에버랜드로 562번길 38,2
6,한택식물원,255,031-333-3558,경기도 용인시 처인구 백암면 한택로 2,6
6,한국민속촌,256,031-288-4000,경기도 용인시 기흥구 민속촌로 90,6
6,용인 대장금파크,257,031-337-3241,경기도 용인시 처인구 드라마길 25,6
6,목재문화체험,258,031-324-3787,경기도 용인시 처인구 모현면 초부로 220,6
6,화운사,259,031-337-2576,경기도 용인시 처인구 동백죽전대로 111-14,6
6,용인문수산법륜사,260,031-332-5703,경기도 용인시 처인구 원삼면 농촌파크로 126,6
6,유아숲체험원,261,031-324-3748,경기도 용인시 수지구,6
6,용인곤충테마파크,262,031-321-8090,경기도 용인시 처인구 백암면 근삼리 274-7,6
6,술샘,263,070-4218-5225,경기도 용인시 처인구 양지면 죽양대로 2298-1,6
6,바운스트램폴린파크,264,070-8858-6433,경기도 용인시 기흥구 동백죽전대로175번길 6,6
6,한터조랑말농장,265,031-332-3695,경기도 용인시 처인구 양지면 대대로 110,6
6,용인 학일마을,266,031-334-7991,경기도 용인시 처인구 원삼면 학일로 117,6
6,호박등불마을,267,010-5624-1044,경기도 용인시 처인구 모현면 능곡로56번길 7,6
6,용인시박물관,268,031-324-4796,경기도 용인시 기흥구 동백 3로 79,6
6,용인농촌테마파크,269,031-324-4081,경기도 용인시 처인구 원삼면 농촌파크로 80-1 농촌테마파크,6
6,이영미술관,270,031-213-8223,경기도 용인시 기흥구 흥덕4로 63,6
6,삼성화재교통박물관,271,031-320-9900,경기도 용인시 처인구 포곡읍 애버랜드로 376번길 171,6
6,청계목장,272,031-322-5200,경기도 용인시 처인구 백암면 청계로 104번길 20,6
6,농도원목장,273,031-321-0445,경기도 용인시 처인구 원삼면 원양로377번길 1-34,6
6,한국민속촌,274,031-288-0000,경기도 용인시 기흥구 민속촌로 90,7
6,한국민속촌,275,031-288-0000,경기도 용인시 기흥구 민속촌로 90,7
6,한국민속촌,276,031-288-0000,경기도 용인시 기흥구 민속촌로 90,7
6,용인 대장금파크,277,031-337-3241,경기도 용인시 처인구 백암면 용천로 330,7
6,용인 대장금파크,278,031-337-3241,경기도 용인시 처인구 백암면 용천로 330,7
6,손골성지,279,031-263-1242,경기도 용인시 수지구 동천로437번길 67,7
6,은이성지,280,031-338-1702,경기도 용인시 처인구 양지면 은이로 182,7
6,코코몽 에코파크,281,031-1661-0568,경기도 용인시 수지구동천로 581 (고기동 272번지),7
6,공룡테마파크 다이노스타,282,031-1661-2050,경기도 용인시 수지구동천로593(고기동257-4),7
6,용인 와우정사,283,031-339-0101,경기도 용인시 해곡동 224-4,7
6,용인 와우정사,284,031-339-0101,경기도 용인시 해곡동 224-4,7
6,용인 와우정사,285,031-339-0101,경기도 용인시 해곡동 224-4,7
6,화운사,286,031-337-2576,경기도 용인시 처인구 동백죽전대로 111-14,7
6,에버랜드,287,031-320-5000,경기도 용인시 처인구 포곡읍 에버랜드로 199,7
6,용인농촌테마파크,288,031-324-4053,경기도 용인시 처인구 원삼면 농촌파크로 80-1,7
6,한국민속촌,289,031-288-4000,경기도 용인시 기흥구 민속촌로 90,7
6,와우정사,290,031-332-2472,경기도 용인시 처인구 해곡로 25-15,7
6,용인문수산법륜사,291,031-332-5703,경기도 용인시 처인구 원삼면 농촌파크로 126,7
6,용덕사,292,031-332-0426,경기도 용인시 처인구 이동읍 이원로 471-41,7
6,용인 와우정사,293,031-339-0101,경기도 용인시 해곡동 224-4,7
6,용인 와우정사,294,031-339-0101,경기도 용인시 해곡동 224-4,7
6,한국민속촌,295,031-288-0000,경기도 용인시 기흥구 민속촌로 90,7
6,한국민속촌,296,031-288-0000,경기도 용인시 기흥구 민속촌로 90,7
6,용인 대장금파크,297,031-337-3241,경기도 용인시 처인구 백암면 용천로 330,7
6,용인 대장금파크,298,031-337-3241,경기도 용인시 처인구 백암면 용천로 330,7
6,용인 대장금파크,299,031-337-3241,경기도 용인시 처인구 백암면 용천로 330,7
6,보구정사,300,031-282-0049,경기도 용인시 기흥구 동백중앙로54번길 50,7
6,동도사,301,031-333-7747,경기도 용인시 처인구 이동읍 어진로 842,7
6,캐리비안베이,302,031-320-5000,경기도 용인시 처인구 포곡읍 에버랜드로 199,7
6,캠프레이크,303,010-2456-5390,경기도 용인시 기흥구 고매동 539-1,4
6,카라반베이캠핑장,304,031-323-5511,경기도 용인시 처인구 포곡읍 전대로 62,4
6,씨밀레자연관광농원,305,010-9227-8645,경기도 용인시 이동면 묵리 382-4,4
6,송원글램핑파크,306,031-337-1200,경기도 용인시 처인구 남사면 전궁로95번길 93,4
6,용인산수골캠핑장,307,010-8706-1488,경기도 용인시 처인구 이동면 원천로41번길 81,4
6,봉봉캠핑장,308,010-9906-2281,경기도 용인시 처인구 이동읍 백자로184번길 17,4
6,용인힐링캠핑장,309,010-2888-0972,경기도 용인시 처인구 원삼면 보개원삼로 1361,4
6,에이스펜션카라반,310,031-322-4221,경기도 용인시 처인구 이동읍 이원로 547,4
6,용인 미르힐,311,031-333-1222,경기도 용인시 처인구 초부로 215-7,4
6,문수산오토캠핑장,312,010-8765-3135,경기도 용인시 처인구 이동면 이원로 637-3,4
6,단풍숲캠핑장,313,010-4301-7942,경기도 용인시 처인구 원삼면 목신리 258-14,4
6,양달농원캠핑장,314,031-334-4567,경기도 용인시 처인구 원삼면 학일로 100-2,4
6,팡팡캠핑장,315,010-5345-8500,경기도 용인시 처인구 원삼면 동부로 1041,4
6,우리들 캠핑장,316,070-8832-4442,경기도 용인시 처인구 원삼면 좌항리 224-1,4
6,싱글벙글캠핑장,317,010-4611-4246,경기도 용인시 처인구 이동읍 상덕로 95-62,4
6,용인 미르힐,318,010-8799-9771,경기도 용인시 처인구 모현면 초부로 215-7,4
6,나인힐스 구봉산오토캠핑장,319,010-3043-8822,경기도 용인시 처인구 원삼면 목산리 83,4
6,신갈승마클럽,320,031-286-6490,경기도 용인시 기흥구 지삼로201번길 9,4
6,에어필드,321,031-322-7479,경기도 용인시 처인구 모현면 초부로 191-8,4
6,골드펫글램핑,322,031-286-9111,경기도 용인시 기흥구 고매동 5-73,4
6,용인 자연휴양림 야영장,323,031-336-0040,경기도 용인시 처인구 모현면 초부로 220,4
6,한터팜오토캠핑장,324,010-8850-9222,경기도 용인시 처인구 양지면 한터로 432-12,4
6,꽃주렁나무주렁캠핑장,325,010-3129-7305,경기도 용인시 처인구 이동면 어비리 205,4
6,힐포인트 애견글램핑,326,070-7761-4882,경기도 용인시 수지구 동천로 541,4
6,마운틴캠핑장,327,010-2363-3245,경기도 용인시 처인구 원삼면 죽능리 26-34,4
6,연미향마을 캠핑장,328,010-6800-4639,경기도 용인시 처인구 원삼면 독성리 23-3,4
6,별아래 캠핑장,329,031-332-5501,경기도 용인시 처인구 양지면 한터로662번길 34-34,4
6,다누리골테마파크,330,031-307-2537,경기도 용인시 처인구 이동면 묘봉로 277번길 41,4
6,용인랜드숲속캠핑장,331,010-2481-3344,경기도 용인시 처인구 양지면 한터로454번길 33-17,4
6,캐리비안캠프,332,010-9900-1600,경기도 용인시 처인구 포곡읍 전대리 457-2,4
6,구봉산오토캠핑장,333,010-5794-8823,경기도 용인시 처인구 원삼면 보개원삼로1372번길 41,4
6,숲속에 안뜰,334,010-6639-6701,경기도 용인시 처인구 원삼면 사암리 82-1,4
6,우리꽃 캠핑장,335,010-6216-9847,경기도 용인시 기흥구 신정로301번길 65,4
6,용인자연휴양림,336,031-336-0040,경기도 용인시 처인구 모현면 초부로220,4
6,용인제일오토캠핑장,337,010-7355-4747,경기도 용인시 처인구 원삼면 문촌로174,4
6,플라이스테이션,338,070-4820-6328,경기도 용인시 처인구 포곡읍 마성리 72-17,4
6,용인레포츠(구 레포츠매니아),339,031-321-1574,경기도 용인시 처인구 양지면 죽양대로2071번길 50,4
6,주식회사시골농장가든,340,031-339-6600,경기도 용인시 처인구 양지면 한터로 690,0
6,양대화,341,031-889-2233,경기도 용인시 수지구 죽전로 232,0
6,청룡,342,031-334-9258,경기도 용인시 처인구 원삼면 보개원삼로 1624,0
6,주식회사 청와정,343,031-896-9876,경기도 용인시 수지구 수지로342번길 7,0
6,대덕골보쌈칼국수,344,031-335-0201,경기도 용인시 처인구 금령로71번길 16,0
6,㈜한국관,345,031-275-6100,경기도 용인시 기흥구 기흥단지로 8,0
6,옛터,346,031-339-6630,경기도 용인시 처인구 모현읍 능원로132번길 9,0
6,장수촌,347,031-266-1117,경기도 용인시 수지구 성복2로 412,0
7,도덕산,348,02-2680-2339,경기도 광명시 광명동 산75번지 일대,5
7,광명동굴,349,070-4277-8902,경기도 광명시 가학로 85번길 142,5
7,안터생태공원,350,02-2619-1050,경기도 광명시 안재로 1번길 27,5
7,서독산,351,,경기도 광명시 일직동 산28,5
7,광명누리길,352,02-2680-6462,경기도 광명시 노온사동 469-19 구름산,5
7,가학산,353,02-2680-6576,경기도 광명시 가학동 산13,5
7,가림산 둘레길,354,,경기도 광명시 하안동 산69-1,5
7,구름산,355,02-2680-2339,경기도 광명시 하안동 141-7번지 일대,5
7,광명동굴,356,031-1688-3399,경기도 광명시 가학로85번길 142,1
7,오리이원익기념관,357,02-2680-6307,경기도 광명시 오리로 287,2
7,광명문화원,358,02-2618-5800,경기도 광명시 철망산로 42,2
7,광명문화의집,359,02-2687-0556,경기도 광명시 너부대로 32번길 15-3,2
7,광명시민회관,360,02-2680-2562,경기도 광명시 시청로 20,2
7,충현박물관,361,02-898-0505,경기도 광명시 오리로 347번길 5-5,2
7,나비야놀자박물관,362,02-2614-3338,경기도 광명시 장절로 56-16,2
7,광명업사이클아트센터,363,02-2680-6952,경기도 광명시 가학로85번길 142,2
7,광명동굴,364,070-4277-8902,경기도 광명시 가학로85번길 142,6
7,광명동굴,365,070-4277-8902,경기도 광명시 가학로85번길 142,6
7,기아자동차 공장견학,366,02-801-3408,경기도 광명시 기아로 113,6
7,금강정사 템플스테이,367,02-898-8200,경기도 광명시 설월로 58,6
7,광명시노온정수장맑은물홍보관,368,02-2680-6270,경기도 광명시 밤일로 75,6
7,광명동굴,369,070-4277-8902,경기도 광명시 가학로85번길 142,6
7,광명동굴,370,070-4277-8902,경기도 광명시 가학로85번길 142,6
7,오리서원,371,02-898-6306,경기도 광명시 오리로 287,6
7,광명시자원회수시설,372,,경기도 광명시 가학로 142,6
7,안터생태공원 생태체험,373,02-2619-1050,경기도 광명시 안재로1번길 27,6
7,광명동굴,374,070-4277-8902,경기도 광명시 가학로85번길 142,6
7,금강정사,375,02-898-8200,경기도 광명시 설월로 58,7
7,광명도덕산캠핑장,376,02-2610-7370,경기도 광명시 밤일안로42번길 69,4
7,광명스피돔,377,02-2067-5114,경기도 광명시 광명로 721,4
7,광명국민체육센터,378,02-2680-2276,경기도 광명시 사성로 74(철산동 63),4
7,광명시민체육관,379,02-2680-2888,경기도 광명시 오리로 703(하안동 577),4
8,서해대교,380,,경기도 평택시 포승읍 만호리 327-4,5
8,평택호관광단지,381,031-8024-8687,경기도 평택시 현덕면 평택호길 159,5
8,부락산,382,031-664-9211,경기도 평택시 경기도대로1376번길 38-29,5
8,진위천시민유원지불빛정원,383,031-665-6231,경기도 평택시 진위면 진위서로 264-15,5
8,평택소사벌카페거리,384,031-8024-3232,경기도 평택시 평남로 일대,5
8,평택호관광지 수변데크 사색의 길,385,031-8024-8687,경기도 평택시 현덕면 평택호길 159,5
8,자연테마식물원,386,031-8024-4631,경기도 평택시 오성면 숙성리 96,5
8,팽성레포츠공원,387,031-8024-5625,경기도 평택시 팽성읍 안정로 238-31,5
8,평택호관광단지,388,031-8024-8687,경기도 평택시 현덕면 평택호길 48 (평택호관광안내소),1
8,바람새마을,389,031-663-5453,경기도 평택시 고덕면 궁리 496번지,1
8,지영희국악관,390,031-8024-8689,경기도 평택시 현덕면 평택호길 147 한국소리터어울림동 1층,2
8,평택항홍보관,391,031-682-5663,경기도 평택시 포승읍 평택항로 98,2
8,평택문화원,392,031-655-2002,경기도 평택시 중앙로 277 평택문화예술회관,2
8,평택남부문예회관,393,031-8024-5411,경기도 평택시 중앙로 277,2
8,평택서부(안중)문화예술회관,394,031-8024-8321,경기도 평택시 안중읍 서동대로 1531,2
8,북부문화예술회관,395,031-8024-7391,경기도 평택시 경기도대로 1366,2
8,평택호예술관,396,031-8024-8687,경기도 평택시 현덕면 평택호길 159 평택관광단지 내,2
8,이충 반려견 동반 시민 쉼터,397,031-8024-3806,경기도 평택시 장안웃길 149,2
8,무봉산청소년수련원,398,031-610-4416,경기도 평택시 진위면 진위로 181-94,6
8,밝은세상영농조합,399,031-683-0981,경기도 평택시 포승읍 충열길 37,6
8,평택시농업기술센터,400,031-8024-4631,경기도 평택시 오성면 숙성리 96,6
8,웃다리문화촌,401,031-667-0011,경기도 평택시 서탄면 금각리 용소금각로 438-14,6
8,바람새마을,402,010-5904-4695,경기도 평택시 고덕면 새악길 43-62,6
8,수도사,403,031-682-3169,경기도 평택시 포승읍 호암길 58,6
8,심복사,404,031-682-5588,경기도 평택시 현덕면 심복사길 22,7
8,수도사,405,031-682-3169,경기도 평택시 포승읍 원정리 산 119,7
8,자비사,406,031-691-8559,경기도 평택시 팽성읍 동서촌로 137,7
8,서천사,407,031-663-8250,경기도 평택시 고덕면 방축4길 22-49,7
8,심복사,408,031-682-5588,경기도 평택시 현덕면 심복사길 22,7
8,만기사,409,031-664-7336,경기도 평택시 진위면 진위로 181-82,7
8,소풍정원 캠핑장,410,031-668-4815,경기도 평택시 고덕면 궁리 424-25,4
8,백운산캠핑체험농장,411,031-653-3454,경기도 평택시 월곡길 124-272,4
8,울성캠핑낚시터,412,010-9245-4894,경기도 평택시 울성길 237-20,4
8,진위천유원지 오토캠핑장,413,031-665-6231,경기도 평택시 진위면 진위서로 264-15,4
8,덕암호캠핑장,414,010-6439-3318,경기도 평택시 안골길 85-48,4
8,솔밭마을글램핑,415,031-663-4787,경기도 평택시 지산로140번길 241-15,4
8,해원,416,031-654-6696,경기도 평택시 비전2로 34,0
8,고려정,417,031-657-8484,경기도 평택시 평택3로 75,0
8,㈜푸른소 경복궁,418,031-655-0567,경기도 평택시 조개터로26번길 64,0
9,서울대공원식물원,419,02-500-7338,경기도 과천시 대공원광장로 102,3
9,막계청담(과천저수지),420,,경기도 과천시 막계동 408,5
9,관악산 둘레길,421,,경기도 과천시 관문동,5
9,경기도 삼남길,422,,경기도 과천시 중앙동 56,5
9,관악산,423,02-3677-2343,경기도 과천시 중앙동,5
9,청계산계곡,424,,경기도 과천시 막계동,5
9,문원체육공원,425,02-3677-2362,경기도 과천시 문원로 56,5
9,관문체육공원,426,02-500-1411,경기도 과천시 중앙로 294,5
9,중앙공원,427,02-3677-2362,경기도 과천시 별양동 2-6,5
9,청계산,428,02-3677-2343,경기도 과천시 막계동,5
9,에어드리공원,429,02-3677-2362,경기도 과천시 중앙로 24,5
9,렛츠런파크서울,430,031-1566-3333,경기도 과천시 경마공원대로 107,5
9,국립현대미술관 과천,431,02-2188-6000,경기도 과천시 광명로 313,1
9,서울랜드,432,02-509-6000,경기도 과천시 광명로 181,1
9,관악산,433,02-3677-2343,경기도 과천시 중앙동,1
9,국립과천과학관,434,02-3677-1500,경기도 과천시 상하벌로 110,1
9,과천문화원,435,02-504-6513,경기도 과천시 문원로 40-1 (문원동),2
9,안보교육관,436,02-731-3652,경기도 과천시 관문로 69,2
9,아해박물관,437,02-3418-5501,경기도 과천시 추사로 133,2
9,렛츠런파크서울말박물관,438,02-509-1287,경기도 과천시 경마공원대로 107,2
9,추사박물관,439,02-2150-3650,경기도 과천시 추사로 78,2
9,국립현대미술관 과천,440,02-2188-6000,경기도 과천시 광명로 313,2
9,가원미술관,441,02-504-3730,경기도 과천시 새빛로 24,2
9,과천시민회관,442,02-504-7300,경기도 과천시 통영로 5 (중앙동),2
9,선바위미술관,443,02-507-8588,경기도 과천시 무네미길 34,2
9,한국카메라박물관,444,02-502-4123,경기도 과천시 대공원광장로 8,2
9,경기소리전수관,445,02-507-5825,경기도 과천시 문원로 40-2,2
9,국립과천과학관,446,02-3677-1500,경기도 과천시 상하벌로 110,6
9,한국카메라박물관,447,02-502-4123,경기도 과천시 대공원광장로 8,6
9,연주암,448,02-502-3234,경기도 과천시 자하동길 63,7
9,서울대공원,449,02-500-7335,경기도 과천시 대공원광장로 102,7
9,서울랜드,450,02-509-6000,경기도 과천시 광명로 181,7
9,서울대공원 캠핑장,451,02-500-7335,경기도 과천시 대공원광장로 102,4
9,해원복집,452,02-504-1626,경기도 과천시 별양상가로 2,0
9,경마장 오리집,453,02-502-7500,경기도 과천시 궁말로 20-4,0
10,물향기수목원,454,031-378-1261,경기도 오산시 청학로 211,3
10,독산성산림욕장,455,031-8036-8036,경기도 오산시 지곶동,5
10,오산생태하천,456,,경기도 오산시 신장동,5
10,물향기수목원,457,031-378-1261,경기도 오산시 청학로 211,5
10,맑음터공원,458,031-8036-6891,경기도 오산시 오산천로 52,5
10,수청근린공원(현충탑),459,031-8036-6473,경기도 오산시 수청동 산 32-1,5
10,물향기수목원,460,031-378-1261,경기도 오산시 청학로 211,1
10,오산종합운동장,461,031-371-1756,경기도 오산시 경기도동로 33,2
10,오산시민회관,462,031-378-4351,경기도 오산시 오산천로 275,2
10,오산문화예술회관,463,031-379-9999,경기도 오산시 경기도동로 41,2
10,오산문화원,464,031-375-7755,경기도 오산시 오산동 강변로 365,2
10,유엔군초전기념관,465,031-377-1625,경기도 오산시 경기도대로 742,2
10,생태학습체험관 오산 에코리움,466,031-8036-6477,경기도 오산시 오산천로 52,6
10,서랑동 문화마을,467,031-8036-7582,경기도 오산시 서랑로105번길 29-5 일대,6
10,물향기수목원,468,031-378-1261,경기도 오산시 청학로 211,6
10,보적사,469,031-372-3433,경기도 오산시 독산성로269번길 144,7
10,유엔군 초전기념관,470,031-377-1625,경기도 오산시 경기도대로 742,7
10,유엔군 초전기념관,471,031-377-1625,경기도 오산시 경기도대로 742,7
10,보적사,472,031-372-3433,경기도 오산시 독산성로269번길 144,7
10,맑음터공원 물놀이장,473,031-8031-6487,경기도 오산시 누읍동 115-1,4
10,오산시 맑음터 공원 캠핑장,474,031-8036-6891,경기도 오산시 오산천로 52 (맑음터공원 내 비위생매립지),4
10,콩마당,475,031-372-3334,경기도 오산시 독산성로 225,0
10,어부나라생선구이,476,031-373-2186,경기도 오산시 지곶길 49,0
10,예찬,477,031-375-2552,경기도 오산시 독산성로270번길 96-32,0
10,세마오리농원,478,031-375-5299,경기도 오산시 양산로 186,0
11,용도수목원,479,031-313-9090,경기도 시흥시 밭뒤길 32,3
11,청룡저수지,480,031-313-8050,경기도 시흥시 방산동 634-4,5
11,과림저수지,481,02-2612-3858,경기도 시흥시 과림저수지길 79,5
11,소래산,482,031-317-2000,경기도 시흥시 대야동 332-80,5
11,군자봉,483,031-310-2342,경기도 시흥시 군자동,5
11,월곶포구,484,031-318-4409,경기도 시흥시 월곶동 820-4,5
11,연꽃테마파크,485,031-310-6222,경기도 시흥시 관곡지로 139,5
11,시흥갯골생태공원,486,031-488-6900,경기도 시흥시 동서로 287,5
11,옥구공원,487,031-310-3963,경기도 시흥시 오이도로 58,5
11,시흥늠내길 바다가아름다운길,488,031-310-2907,경기도 시흥시 장현동,5
11,뒷방울저수지,489,031-498-0737,경기도 시흥시 정왕동 35,5
11,칠리제저수지,490,031-314-8366,경기도 시흥시 금이동 산120-1,5
11,마전달월저수지,491,031-310-2334,경기도 시흥시 월곶동 산63-7,5
11,소래산산림욕장,492,031-317-2000,경기도 시흥시 대야동 332-80,5
11,오이도,493,031-498-5671,경기도 시흥시 정왕동 1985-2042,5
11,시흥오이도선사유적공원,494,031-310-3460,경기도 시흥시 서해안로 113-27,5
11,배곧한울공원,495,031-488-6961,경기도 시흥시 정왕동 2590,5
11,연꽃테마파크,496,031-310-6222,경기도 시흥시 관곡지로 139,1
11,갯골생태공원,497,031-488-6900,경기도 시흥시 동서로 287,1
11,오이도,498,031-310-2903,경기도 시흥시 정왕동 오이도,1
11,소전미술관,499,031-313-1211,경기도 시흥시 소래산길 41,2
11,시흥문화원,500,031-317-0827,경기도 시흥시 연성로13번길 3,2
11,배곧한울공원해수체험장,501,031-488-6961,경기도 시흥시 정왕동 2590,6
11,창조자연사박물관,502,031-435-1009,경기도 시흥시 두문로71번길 4,6
11,작은 쉼터 캠핑장,503,031-431-6660,경기도 시흥시 죽율로 25,4
11,물왕숲캠핑파크,504,031-486-4700,경기도 시흥시 동서로 706-88,4
11,도토리마을묵집,505,031-485-9797,경기도 시흥시 동서로857번길 28-22,0
11,소꼼닭,506,031-488-9233,경기도 시흥시 서촌상가3길 15-6,0
11,우강,507,031-433-0592,경기도 시흥시 옥구천서로 313,0
12,초막골생태공원,508,031-390-4051,경기도 군포시 초막골길 216,5
12,수리산산림욕장,509,031-387-7111,경기도 군포시 산본동 산18-3외 39필지,5
12,수리산,510,031-387-7111,경기도 군포시 속달동,5
12,덕고개당숲,511,,경기도 군포시 속달동,5
12,반월호수,512,031-392-3000,경기도 군포시 청백리길 6,5
12,철쭉동산,513,031-390-0341,경기도 군포시 산본동 1152-10,5
12,반월호수,514,031-392-3000,경기도 군포시 청백리길 6,1
12,군포시문화예술회관,515,031-390-3500,경기도 군포시 고산로 599,2
12,물테마박물관,516,031-390-3294,경기도 군포시 수리산로 151,2
12,군포책마을,517,031-390-3080,경기도 군포시 수리산로 112,2
12,군포문화원,518,031-397-0195,경기도 군포시 한세로56번길 12 군포문화원,2
12,밸류브릿지공터,519,031-396-1693,경기도 군포시 금산로 84 4층 공감문화공간 공터,2
12,누리천문대,520,031-390-8674,경기도 군포시 대야2로 139,6
12,비숲,521,031-438-2191,경기도 군포시 둔대로 28,6
12,물누리체험관,522,,경기도 군포시 호수로 170-85,6
12,수리사,523,031-438-1823,경기도 군포시 속달로 347-181,7
12,용진사,524,031-394-6029,경기도 군포시 수리산로 81-94,7
12,상연사,525,031-395-5161,경기도 군포시 수리산로 81-6,7
12,법해사,526,031-394-7253,경기도 군포시 산본로 240,7
12,초막골생태공원가족캠핑장,527,,경기도 군포시 산본동 919,4
13,덕성산,528,031-345-3521,경기도 의왕시 월암동,5
13,모락산,529,031-345-3522,경기도 의왕시 오전동,5
13,의왕자연학습공원,530,031-345-3533,경기도 의왕시 왕송못동로 307,5
13,왕송호수,531,031-345-3534,경기도 의왕시 초평동,5
13,백운호수,532,010-4341-3737,경기도 의왕시 학의동 340-1번지,5
13,허브앤조이,533,031-426-0606,경기도 의왕시 한직골남로 10,5
13,오봉산,534,031-345-3521,경기도 의왕시 고천동 산24-1,5
13,백운산,535,031-452-8580,경기도 의왕시 왕곡로 257,5
13,청계산맑은숲공원,536,,경기도 의왕시 청계동 1번지,5
13,코레일 철도박물관,537,031-461-3610,경기도 의왕시 철도박물관로 142,1
13,경기의왕 레일바이크,538,070-7178-4393,경기도 의왕시 왕송못동로 209(월암동),2
13,성 라자로 마을,539,031-452-5655,경기도 의왕시 원골로 66,2
13,의왕문화원,540,031-456-4994,경기도 의왕시 백운로 23,2
13,코레일 철도박물관,541,031-461-3610,경기도 의왕시 철도박물관로 142,2
13,빨강장화,542,010-8488-4123,경기도 의왕시 내손순환로 129 상가1호,2
13,중앙도서관(의왕시립도서관),543,031-345-3642,경기도 의왕시 골우물길 49 의왕시 중앙도서관,2
13,원터아트홀,544,031-444-8837,경기도 의왕시 원터아랫길 89 원뮤직악기사 2층 원터아트홀,2
13,경기의왕 레일바이크,545,070-7178-4393,경기도 의왕시 왕송못동로 209,6
13,승림식물원,546,031-426-2557,경기도 의왕시 청계동 546-1,6
13,의왕자연학습공원,547,031-345-3533,경기도 의왕시 왕송못동로 307,6
13,의왕자연학습공원,548,031-345-3533,경기도 의왕시 왕송못동로 307,6
13,참나무와도토리 청계학습장,549,031-426-8009,경기도 의왕시 원터아랫길 11-16 청계천연염색장,6
13,의왕조류생태과학관,550,031-8086-7490,경기도 의왕시 왕송못동길 209,6
13,천주교 하우현성당,551,031-426-8921,경기도 의왕시 원터아랫길 81-6,7
13,백운사,552,031-452-8580,경기도 의왕시 왕곡로 323,7
13,청계사,553,031-426-2348,경기도 의왕시 청계로 475,7
13,왕송호수 캠핑장,554,031-8086-7371,경기도 의왕시 왕송못동로 307,4
13,바라산자연휴양림,555,031-8086-7482,경기도 의왕시 북골안길 96,4
13,민속두부마을,556,031-429-5429,경기도 의왕시 오봉산길 17,0
13,정성담,557,031-458-2300,경기도 의왕시 고산로 1,0
14,검단산,558,031-790-6341,경기도 하남시 신장동,5
14,하남 나무고아원,559,031-790-6413,경기도 하남시 대청로 10,5
14,유니온 타워,560,031-790-6255,경기도 하남시 미사대로 710,5
14,미사리경정공원,561,031-790-8883,경기도 하남시 미사대로 505,1
14,하남문화예술회관,562,031-790-7979,경기도 하남시 신평로 125 (덕풍동),2
14,하남역사박물관,563,031-790-7990,경기도 하남시 덕풍동로 30,2
14,구산성지,564,031-792-8540,경기도 하남시 미사강변북로 99,7
14,지장사,565,031-796-2037,경기도 하남시 하남대로6번길 16 (상산곡동),7
14,선법사,566,031-792-2654,경기도 하남시 서하남로588번길 125,7
14,호국사,567,031-792-4051,경기도 하남시 검단산로146번길 240 (창우동),7
14,미사리경정공원,568,031-790-8883,경기도 하남시 미사대로 505,4
14,하남종합운동장 국민체육센터,569,031-790-2000,경기도 하남시 아리수로 600,4
14,한채당,570,031-792-8880,경기도 하남시 미사동로 38,0
14,지호 한방 삼계탕,571,031-795-9996,경기도 하남시 하남대로 995,0
14,하남미소 명품한우,572,031-699-0002,경기도 하남시 대청로 27,0
15,덕평공룡수목원,573,031-633-5029,경기도 이천시 마장면 작촌로 282,3
15,노성산말머리바위,574,,경기도 이천시 설성면 진상미로 238-7 노성산,5
15,천덕봉,575,031-645-3839,경기도 이천시 백사면 원적로617번길,5
15,임오산,576,,경기도 이천시 율면 임오산로 296,5
15,효양산,577,,경기도 이천시 부발읍 마암리 산25,5
15,원적산,578,,경기도 이천시 백사면 경사리 427-1,5
15,해룡산,579,,경기도 이천시 고담동 산44-2,5
15,설봉산,580,031-645-3839,경기도 이천시 관고동 산67-3,5
15,도드람산(저명산),581,031-644-2636,경기도 이천시 마장면 목리,5
15,노성산,582,,경기도 이천시 설성면 수산리 산 65-1,5
15,설봉산삼형제바위,583,031-645-3839,경기도 이천시 관고동 산66-1,5
15,설봉호,584,,경기도 이천시 관고동 418-2,5
15,양각산,585,,경기도 이천시 신둔면 고척리 505-12,5
15,정개산,586,,경기도 이천시 신둔면 지석리 산35-5,5
15,마국산,587,,경기도 이천시 모가면 산내리 산65,5
15,설성산,588,,경기도 이천시 장호원읍 선읍리 산115-1,5
15,대덕산,589,,경기도 이천시 호법면 송갈리 산 77,5
15,설봉공원,590,031-644-2645,경기도 이천시 관고동 418-2,5
15,마이산,591,,경기도 이천시 율면 산양리 산33,5
15,건지산,592,,경기도 이천시 마장면 해월리 산 28-8,5
15,백족산,593,,경기도 이천시 장호원읍 어석리,5
15,와룡산,594,,경기도 이천시 호법면 이섭대천로 191-32,5
15,돼지테마파크,595,031-641-7540,경기도 이천시 임오산로372번길 129-7,1
15,이천세계도자센터(이천세라피아),596,031-645-0730,경기도 이천시 경충대로 2697번길 167-29,1
15,이천아트홀,597,031-644-2100,경기도 이천시 부악로 40,2
15,시립월전미술관,598,031-637-0033,경기도 이천시 경충대로 2709번길 185,2
15,이천세계도자센터(이천세라피아),599,031-645-0730,경기도 이천시 경충대로2697번길 167-29,2
15,돼지테마파크,600,031-641-7540,경기도 이천시 율면 임오산로 372번지 129-7,2
15,이천시립박물관,601,031-645-6377,경기도 이천시 경충대로 2697번길 172,2
15,해강도자미술관,602,031-634-2266,경기도 이천시 신둔면 경충대로3150번길 44,2
15,이천문화원,603,031-635-2316,경기도 이천시 향교로 142,2
15,한국기독교역사박물관,604,031-632-1391,경기도 이천시 대월면 대평로214번길 10-13,2
15,예스파크,605,031-638-1994,경기도 이천시 신둔면 도자예술로 57,2
15,이천 세라피아,606,031-631-6501,경기도 이천시 경충대로 2697번길 167-29,2
15,이천 세라피아,607,031-631-6501,경기도 이천시 경충대로 2697번길 167-29,2
15,이천 세라피아,608,031-631-6501,경기도 이천시 경충대로 2697번길 167-29,2
15,이천 세라피아,609,031-631-6501,경기도 이천시 경충대로 2697번길 167-29,2
15,이천 세라피아,610,031-631-6501,경기도 이천시 경충대로 2697번길 167-29,2
15,토아트갤러리,611,031-634-3496,경기도 이천시 신둔면 경충대로 3189,2
15,청강만화역사박물관,612,031-639-5790,경기도 이천시 마장면 청강가창로 389-94 청강홀 3층,2
15,이천청학서당,613,031-637-1000,경기도 이천시 마장면 이섭대천로 155번길 100,6
15,테르메덴,614,031-645-2000,경기도 이천시 모가면 사실로 984,6
15,미니캠프목공교실,615,031-642-2372,경기도 이천시 설성면 설가로 219번길 176,6
15,이천자채방아마을,616,031-634-4283,경기도 이천시 대월면 대월로358번길 168-24,6
15,이천청학서당,617,031-637-1000,경기도 이천시 마장면 이섭대천로 155번길 100,6
15,꾸메숲버섯나라,618,507-1452-3427,경기도 이천시 모가면 서경리 150-1,6
15,세라피아,619,031-631-6501,경기도 이천시 경충대로 2697번길 167-29,6
15,이천자채방아마을,620,031-634-4283,경기도 이천시 대월면 대월로358번길 168-24,6
15,세라피아,621,031-631-6501,경기도 이천시 경충대로 2697번길 167-29,6
15,도립서당,622,031-634-3357,경기도 이천시 백사면 원적로775번길 38-92,6
15,꾸메숲버섯나라,623,507-1452-3427,경기도 이천시 모가면 서경리 150-1,6
15,노성산정거장마을,624,031-641-5600,경기도 이천시 설성면 수산리 383-1,6
15,신둔초전통도예체험학습장,625,031-632-7006,경기도 이천시 신둔면 경충대로 3150번길 82-3,6
15,이천시몬스테라스,626,031-631-4071,경기도 이천시 사실로 988,6
15,부래미마을,627,031-643-0817,경기도 이천시 율면 금율로 640번길 177,6
15,미란다스파플러스,628,031-639-5116,경기도 이천시 중리천로115번길 45,7
15,테르메덴,629,031-645-2000,경기도 이천시 모가면 사실로 988,7
15,영월암,630,031-635-3457,경기도 이천시 경충대로2709번길 388 영월암,7
15,연화정사,631,031-643-6441,경기도 이천시 설성면 자석로14번길 157,7
15,영보사,632,031-636-9904,경기도 이천시 마장면 서이천로 481-77,7
15,천주교어농성지,633,031-636-4061,경기도 이천시 모가면 어농리,7
15,영원사,634,031-632-4404,경기도 이천시 백사면 원적로869번길 309-52,7
15,별빛정원 우주,635,031-645-0002,경기도 이천시 마장면 덕이로 154번길 287-76,7
15,천주교단내 성가정성지,636,031-633-9531,경기도 이천시 호법면 이섭대천로155번길 38-13,7
15,이천캠핑랜드,637,031-633-0700,경기도 이천시 율현동 이섭대천로941번길 49-44,4
15,테르메덴숲속카라반,638,031-645-2000,경기도 이천시 모가면 사실로 984,4
15,청암관광농원&글램핑,639,031-632-5082,경기도 이천시 부발읍 황무로 1720번길 74,4
15,지산포레스트리조트,640,031-644-1200,경기도 이천시 마장면 지산로 267,4
15,도락,641,031-638-3020,경기도 이천시 신둔면 황무로 485,0
15,증포설렁탕,642,031-635-7877,경기도 이천시 증신로 166,0
16,칠곡호수,643,031-673-9771,경기도 안성시 원곡면 칠곡리,5
16,청룡호수,644,031-673-9771,경기도 안성시 서운면 청용리 산1-17,5
16,안성낙원역사공원,645,031-678-2744,경기도 안성시 장기로91번길 22,5
16,마이산,646,031-678-2563,경기도 안성시 일죽면,5
16,칠현산,647,031-677-1330,경기도 안성시 죽산면,5
16,비봉산,648,031-678-2563,경기도 안성시 보개면,5
16,용설호수,649,031-673-9771,경기도 안성시 죽산면 용설호수길 234,5
16,고삼호수,650,031-673-9771,경기도 안성시 고삼면 월향리 102,5
16,금광호수,651,031-673-9771,경기도 안성시 금광면 금광리,5
16,고성산,652,031-677-1330,경기도 안성시 원곡면 칠곡리,5
16,서운산,653,031-678-2563,경기도 안성시 서운면 청룡리,5
16,칠장산,654,,경기도 안성시 죽산면,5
16,흔들바위,655,031-677-1330,경기도 안성시 일죽면 종배길 115,5
16,안성낙원역사공원,656,031-678-2744,경기도 안성시 장기로 91번길 22,5
16,서운산 자연휴양림,657,031-678-2913,경기도 안성시 금광면 상중리 산 19번지,5
16,용설저수지 수변산책로,658,031-678-2492,경기도 안성시 죽산면 용설리 산100-1,5
16,허브와풍뎅이,659,031-676-6623,경기도 안성시 죽산면 용설호수길 245-7,5
16,안성허브마을,660,031-671-6969,경기도 안성시 삼죽면 국사봉로 641-12,5
16,안성맞춤가족공원,661,031-678-2667,경기도 안성시 공도읍 대림동산길 36,5
16,솔밭공원,662,,경기도 안성시 안성맞춤대로 1143,5
16,미리내성지,663,031-674-1256,경기도 안성시 양성면 미리내 성지로 420,1
16,칠장사,664,031-673-0776,경기도 안성시 죽산면 칠장로 399-18,1
16,안성맞춤랜드,665,031-678-2672,경기도 안성시 보개면 남사당로 196-31 남사당전수관,1
16,너리굴문화마을,666,031-675-2171,경기도 안성시 보개면 너리굴길 100 (신장리 63-1),1
16,조병화문학관,667,031-674-0307,경기도 안성시 양성면 난실길 14-1,2
16,무비마운틴,668,031-655-4895,경기도 안성시 원곡면 천덕산로 828-6,2
16,태평무전수관,669,031-676-0141,경기도 안성시 태평무길 42,2
16,안성문화원,670,031-673-2625,경기도 안성시 보개면 종합운동장로 203,2
16,이경순소리박물관,671,031-670-6500,경기도 안성시 삼죽면 동아예대길 47 동아방송예술대학교 디마종합촬영소내,2
16,안성맞춤박물관,672,031-676-4352,경기도 안성시 대덕면 서동대로 4726-15,2
16,안성포도박물관,673,031-675-6675,경기도 안성시 서운면 방아동길 68,2
16,아트센터마노,674,031-676-7815,경기도 안성시 보개면 남사당로 196-33,2
16,대안미술공간소나무,675,031-673-0904,경기도 안성시 미양면 이박골길 75-33,2
16,남사당전수관,676,031-675-3925,경기도 안성시 보개면 남사당로 196-31,2
16,남사당바우덕이풍물단,677,031-687-2518,경기도 안성시 보개면 남사당로 196-31 남사당전수관,2
16,해닮,678,010-4245-3861,경기도 안성시 금광면 배티로 781,2
16,안성마춤유기공방,679,031-675-2590,경기도 안성시 중앙로 448,2
16,3·1운동기념관,680,031-678-2475,경기도 안성시 원곡면 만세로 868,2
16,남사당풍물놀이,681,031-675-3925,경기도 안성시 서운면 청룡리 사당공연장,6
16,안성천문대,682,031-677-2245,경기도 안성시 미양면 강덕리 천문대길 60,6
16,안성맞춤랜드,683,031-678-2518,경기도 안성시 보개면 남사당로 198,6
16,꽃뫼마을,684,010-3724-0841,경기도 안성시 고삼면 이전봉산길 256-7,6
16,신기마을,685,010-5332-1575,경기도 안성시 금광면 신양복길 18-43,6
16,안성맞춤공예문화센터,686,031-676-6543,경기도 안성시 보개면 남사당로 198-10,6
16,선비마을,687,031-672-6875,경기도 안성시 양성면 덕봉길 45,6
16,너리굴문화마을,688,031-675-2171,경기도 안성시 보개면 너리굴길100,6
16,아트센터마노,689,031-676-7815,경기도 안성시 보개면 나마당로 196-33,6
16,안성허브마을,690,031-671-6969,경기도 안성시 삼죽면 국사봉로 641-12,6
16,안성유별난마을,691,031-672-8600,경기도 안성시 대덕면 소내리 장수정길 12-22,6
16,안성 서일농원,692,031-673-3171,경기도 안성시 일죽면 금일로 332-17,6
16,안성 서일농원,693,031-673-3171,경기도 안성시 일죽면 금일로 332-17,6
16,안성미리내마을,694,010-9335-7821,경기도 안성시 양성면 미산1길 2,6
16,인처골마을,695,031-677-0286,경기도 안성시 서운면 인처동길 38-7,6
16,구메농사마을,696,070-7098-3096,경기도 안성시 죽산면 임꺽정길 51-7,6
16,과채류마을,697,031-672-1951,경기도 안성시 미양면 신계 4길 20,6
16,풍산개마을,698,031-674-4348,경기도 안성시 삼죽면 계곡길 89,6
16,용설호문화마을,699,031-676-5518,경기도 안성시 죽산면 용설호수길 187,6
16,안성맞춤천문과학관,700,031-675-6975,경기도 안성시 보개면 남사당로 198-9,6
16,안성천문대,701,031-677-2245,경기도 안성시 미양면 천문대길 60,6
16,서일농원,702,031-673-3171,경기도 안성시 일죽면 금일로 332-17,6
16,안성천문대,703,031-677-2245,경기도 안성시 미양면 강덕리 천문대길 60,6
16,안성 서일농원,704,031-673-3171,경기도 안성시 일죽면 금일로 332-17,6
16,안성 서일농원,705,031-673-3171,경기도 안성시 일죽면 금일로 332-17,6
16,안성 서일농원,706,031-673-3171,경기도 안성시 일죽면 금일로 332-17,6
16,청원사,707,031-655-6924,경기도 안성시 원곡면 통심길 16-102,7
16,용화사,708,031-672-8248,경기도 안성시 금광면 한운길 313,7
16,국사암과 궁예미륵,709,031-672-3130,경기도 안성시 삼죽면 텃곳실 80-100,7
16,죽산성지,710,031-676-6701,경기도 안성시 일죽면 종배길 115,7
16,구포동성당,711,031-672-0701,경기도 안성시 혜산로 33,7
16,안성 팜랜드,712,031-8053-7979,경기도 안성시 공도읍 대신두길 28,7
16,청룡사,713,031-672-9103,경기도 안성시 서운면 청룡길 140,7
16,칠장사,714,031-673-0776,경기도 안성시 죽산면 칠장로 399-18,7
16,운수암,715,031-673-7372,경기도 안성시 양성면 성하길 80-63,7
16,건강나라,716,031-674-8253,경기도 안성시 죽산면 죽양대로 136-16,7
16,미리내성지,717,031-674-1256,경기도 안성시 양성면 미리내 성지로 420,7
16,석남사,718,031-676-1444,경기도 안성시 금광면 상촌새말길 3-120,7
16,안성맞춤캠핑장,719,031-677-8267,경기도 안성시 보개면 문화예술로195-34,4
16,두리캠핑장,720,031-675-5595,경기도 안성시 서운면 청룡길 90-64,4
16,율곡관광농원 캠핑장,721,010-9003-6702,경기도 안성시 삼죽면 율곡리 356,4
16,별밤락 캠핑장,722,010-8583-3451,경기도 안성시 삼죽면 개나리길 138-20,4
16,안성맞춤 자동차야영장,723,031-677-8267,경기도 안성시 보개면 복평리 34-3,4
16,집보다 캠핑장,724,010-5416-0338,경기도 안성시 양성면 도라지길 29-28,4
16,샤토안오토캠핑장,725,031-675-6675,경기도 안성시 서운면 인리 330-7,4
16,캠핑코리아,726,010-9299-7784,경기도 안성시 금광면 진안로 165-16,4
16,안성잔디팜캠핑장,727,031-675-7433,경기도 안성시 금광면 연내동길 138-37,4
16,금광관광농원 캠핑장,728,010-8874-5228,경기도 안성시 금광면 현곡리 589,4
16,산우물쉼터캠핑장,729,070-8878-5532,경기도 안성시 양성면 산정산우물길 172-16,4
16,비봉산캠핑장,730,010-6462-2844,경기도 안성시 삼죽면 상삼로 188-38,4
16,안성맞춤한우촌,731,031-673-5550,경기도 안성시 삼죽면 신미1길 126,0
16,안성면옥,732,031-672-1800,경기도 안성시 남파로 206,0
16,대림쌈밥,733,031-651-3199,경기도 안성시 공도읍 산책길 15,0
17,재두루미도래지,734,,경기도 김포시 하성면 가금리 538,5
17,아라뱃길,735,031-1899-3650,경기도 김포시 고촌읍 전호리,5
17,대명포구,736,031-987-2983,경기도 김포시 대곶면 대명리,5
17,김포국제조각공원,737,031-980-2980,경기도 김포시 월곶면 용강로13번길 38,5
17,현대유람선(아라뱃길),738,032-882-5555,경기도 김포시 고촌읍 아라육로270번길 74,5
17,전류리포구,739,031-981-4115,경기도 김포시 하성면 금포로 1928,5
17,문수산,740,031-980-5986,경기도 김포시 월곶면 문수산로 102-38,5
17,문수산산림욕장,741,031-980-2371,경기도 김포시 월곶면 문수산로 102-38,5
17,가현산,742,031-980-5986,경기도 김포시 양촌읍 구래리 산94번지,5
17,태산패밀리파크,743,031-997-6868,경기도 김포시 하성면 하성로 585,5
17,걸포중앙공원,744,031-980-5631,경기도 김포시 걸포1로 60-42,5
17,문수산성,745,031-920-2965,경기도 김포시 월곶면 문수산로 102-38,1
17,평화누리길,746,031-956-8310,경기도 김포시 대곶면 / 경기도 연천군,1
17,덕포진전시관,747,031-989-9794,경기도 김포시 대곶면 덕포진로103번길 130,2
17,나인블럭아트스페이스,748,031-1833-3831,경기도 김포시 운양동 1078-2,2
17,보름산미술관,749,031-985-0005,경기도 김포시 고촌읍 수기로 100-78,2
17,김포문화원,750,031-982-1110,경기도 김포시 사우중로 26,2
17,통진두레문화센터,751,031-983-7225,경기도 김포시 통진읍 김포대로 2347-8,2
17,다도박물관,752,031-998-1000,경기도 김포시 월곶면 애기봉로275번길 187-49,2
17,덕포진교육박물관,753,031-989-8580,경기도 김포시 대곶면 덕포진로103번길 90,2
17,김포반려견놀이터,754,031-997-6868,경기도 김포시 하성면 하성로 585,2
17,태산패밀리파크,755,031-997-6868,경기도 김포시 하성면 하성로 585,6
17,다도박물관,756,031-998-1000,경기도 김포시 월곶면 애기봉로 275번길 187-49,6
17,수안산생태원,757,031-989-4547,경기도 김포시 대곶면 종생로 136번길 145,6
17,다도박물관,758,031-998-1000,경기도 김포시 월곶면 애기봉로 275번길 187-49,6
17,김포함상공원,759,031-980-8300,경기도 김포시 대곶면 대명항1로110-36,6
17,문수사,760,031-989-6897,경기도 김포시 월곶면 성동리 산 37,7
17,약암홍염천,761,031-989-7000,경기도 김포시 대곶면 약암로 965-7,7
17,문수사,762,031-989-6897,경기도 김포시 월곶면 성동리 산 37,7
17,애기봉전망대(출입통제),763,031-980-2480,경기도 김포시 하성면 평화공원로 139,7
17,금정사,764,031-984-3235,경기도 김포시 승가로 125,7
17,약암홍염천,765,031-989-7000,경기도 김포시 대곶면 약암로 965-7,7
17,현대유람선(아라뱃길),766,032-882-5555,경기도 김포시 고촌읍 아라육로270번길 74 아라 김포여객터미널,7
17,광은사,767,031-982-2796,경기도 김포시 대곶면 약암리 183,7
17,광은사,768,031-982-2796,경기도 김포시 대곶면 약암리 183,7
17,금정사,769,031-984-3235,경기도 김포시 승가로 125,7
17,애기봉전망대(출입통제),770,031-980-2480,경기도 김포시 하성면 평화공원로 139,7
17,문수골산장 캠핑장,771,031-997-8959,경기도 김포시 월곶면 문수산로 104-107,4
17,동막골캠핑장,772,010-5251-8066,경기도 김포시 월곶면 문수산로 252번길 19,4
17,덕포진누리마을캠핑장,773,031-988-5952,경기도 김포시 대곶면 신안리 228-2,4
17,김포예당캠핑장,774,,경기도 김포시 월곶면 문수산로 104-107,4
17,김포 황토테마파크,775,031-984-7428,경기도 김포시 하성면 전류리 114번지,4
17,솔내음캠핑장,776,031-997-3775,경기도 김포시 통진읍 절골로127번길 32-90,4
17,봉바위체험농원,777,031-983-5095,경기도 김포시 하성면 평화공원로70번길 290-97,4
17,김포한강오토캠핑장,778,031-989-1000,경기도 김포시 하성면 월하로912번길 64,4
17,솔내음캠핑장,779,031-997-3775,경기도 김포시 통진읍 절골로127번길 32-90,4
17,김포조각공원사계절썰매장,780,031-981-7300,경기도 김포시 월곶면 용강로13번길 38,4
17,동막골 캠핑장,781,010-5251-8066,경기도 김포시 월곶면 문수산로252번길 19,4
17,김포한강오토캠핑장,782,031-989-1000,경기도 김포시 하성면 월하로912번길 64,4
17,남강메기매운탕,783,031-985-7764,경기도 김포시 김포대로 1535,0
17,풀잎속의생명,784,031-997-6003,경기도 김포시 사우로 3-12,0
17,나룻터숯불장어구이,785,031-981-1071,경기도 김포시 월곶면 김포대로3023번길 96,0
17,고가,786,031-986-5458,경기도 김포시 고촌읍 풍굴로92번길 54,0
18,우리꽃식물원,787,031-369-6163,경기도 화성시 팔탄면 3.1만세로 777-17,3
18,남양호(남양황라),788,031-369-2114,경기도 화성시 우정읍 이화리 1604,5
18,공룡알화석산지,789,031-357-3951,경기도 화성시 공룡로 659,5
18,입파도,790,,경기도 화성시 우정읍 입파길 24-15,5
18,제부도,791,031-369-1673,경기도 화성시 서신면 제부리 224,5
18,매향리,792,,경기도 화성시 우정읍 매향리,5
18,전곡항,793,031-1577-4200,경기도 화성시 서신면 전곡항로 5,5
18,쌍봉산,794,,경기도 화성시 우정읍 조암리,5
18,초록산산림욕장,795,031-369-2344,경기도 화성시 양감면 사창리 810-1,5
18,비봉습지공원,796,031-369-6231,경기도 화성시 비봉면 유포리 619,5
18,동탄호수공원,797,,경기도 화성시 동탄순환대로 67,5
18,화성실크로드,798,031-369-6021,경기도 화성시 송산면,5
18,국화도,799,031-1577-4200,경기도 화성시 우정읍 입파길 54,5
18,건달산,800,,경기도 화성시 팔탄면 기천리 산77-1,5
18,서봉산,801,031-352-6678,경기도 화성시 향남읍 향봉로10번길 4,5
18,궁평항,802,031-356-7339,경기도 화성시 서신면 궁평항로 1069-11,5
18,우음도,803,031-369-8315,경기도 화성시 송산면 고정리 산1-38,5
18,화성 우리꽃식물원,804,031-369-6163,경기도 화성시 팔탈면 3.1만세로 777-17,5
18,백미항,805,031-356-3379,경기도 화성시 서신면 백미길 210-34,5
18,화성호,806,,경기도 화성시 서신면 궁평리 702,5
18,궁평노송지대,807,,경기도 화성시 서신면 궁평리 534-3,5
18,동탄센트럴파크,808,,경기도 화성시 동탄공원로3길 36,5
18,용주사,809,031-234-0040,경기도 화성시 용주로 136,1
18,제부도,810,031-369-1673,경기도 화성시 서신면 제부리 산12,1
18,궁평항,811,031-356-7339,경기도 화성시 서신면 궁평항로 1049-24,1
18,경기도농업기술원,812,031-229-5900,경기도 화성시 병점중앙로 283-33,2
18,화성 종합경기타운,813,031-371-0011,경기도 화성시 향남읍 향남로 470,2
18,용주사 효행박물관,814,031-234-0040,경기도 화성시 용주로 136,2
18,홍사용문학관,815,031-8015-0880,경기도 화성시 노작로 206,2
18,유앤아이센터,816,031-267-8800,경기도 화성시 태안로 145,2
18,화성아트홀,817,031-1588-5234,경기도 화성시 태안로 145,2
18,화성시 어린이 문화센터,818,031-5183-3211,경기도 화성시 봉담읍 동화길 146,2
18,누에박물관,819,031-353-6223,경기도 화성시 향남읍 은행나무로 591,2
18,엄미술관,820,031-222-9188,경기도 화성시 봉담읍 오궁길37,2
18,소다미술관,821,070-8915-9127,경기도 화성시 효행로707번길 30,2
18,동탄복합문화센터,822,031-8015-8100,경기도 화성시 노작로 134,2
18,반석아트홀,823,031-8015-8100,경기도 화성시 노작로 134,2
18,은수포관광농원,824,031-357-3423,경기도 화성시 서신면 은수포길 194,6
18,민들레연극마을,825,031-358-7587,경기도 화성시 우정읍 이화뱅곳길 22,6
18,신하늘목장,826,031-356-2065,경기도 화성시 남양읍 장덕동길 32-9,6
18,화성 궁평리마을,827,031-356-7339,경기도 화성시 서신면 궁평항로 1069-11,6
18,백미리마을,828,031-356-3379,경기도 화성시 서신면 백미길210-35,6
18,송라마을,829,031-296-3542,경기도 화성시 매송면 매송북길 241,6
18,청미르 휴양마을,830,,경기도 화성시 송산면 공룡로 484,6
18,샌드리버,831,031-366-8338,경기도 화성시 송산면 송산로152번길 28,6
18,에이원승마클럽,832,031-291-5426,경기도 화성시 봉담읍 생수길96,6
18,또나따목장,833,031-356-1602,경기도 화성시 마도면 마도로 223-19,6
18,돌샘터목장,834,031-358-5382,경기도 화성시 우정읍 석천안길 102-27,6
18,반석산 에코스쿨,835,031-1577-4200,경기도 화성시 남양읍 시청로 159,6
18,제부리마을,836,031-357-3808,경기도 화성시 서신면 제부리 224,6
18,진주목장,837,031-356-0073,경기도 화성시 비봉면 일묵동길 24,6
18,전곡리마을,838,031-356-8862,경기도 화성시 서신면 전곡항로14번길 1-16,6
18,국화리마을,839,031-356-9940,경기도 화성시 우정읍 국화길 8,6
18,상두리마을,840,010-8741-8650,경기도 화성시 향남읍 솔태상두길 141,6
18,금당 엄나무마을,841,031-356-5470,경기도 화성시 마도면 금당복길 70,6
18,장전 노루마을,842,031-357-7630,경기도 화성시 남양읍 장전길 58,6
18,발리오스 승마클럽,843,031-373-8254,경기도 화성시 팔탄면 3.1만세로 641-28,6
18,말달리자 승마클럽,844,031-298-2588,경기도 화성시 매송면 원평리 48-5번지,6
18,전곡항 요트,845,031-357-5249,경기도 화성시 서신면 전곡항로 5,6
18,배혜정도가,846,031-354-9376,경기도 화성시 정남면 서봉로835,6
18,행복텃밭,847,031-295-6212,경기도 화성시 매송면 화성로 2148-28,6
18,시화호 환경학교,848,031-356-8152,경기도 화성시 송산면 공룡로540번길 27,6
18,용주사,849,031-234-0040,경기도 화성시 용주로 136,7
18,하피랜드,850,031-1577-5752,경기도 화성시 팔탄면 시청로 888,7
18,율암온천,851,031-354-7400,경기도 화성시 팔탄면 온천로 434-14,7
18,발안식염온천,852,031-351-9700,경기도 화성시 장안면 황골길 56-1,7
18,월문온천,853,031-226-5000,경기도 화성시 팔탄면 버들로1597번길 5,7
18,수촌감리교회,854,031-351-2161,경기도 화성시 장안면 수촌큰말길 32,7
18,남양성모성지,855,031-356-5880,경기도 화성시 남양읍 남양성지로 112,7
18,봉림사,856,031-356-9117,경기도 화성시 남양읍 주석로80번길 139,7
18,용주사,857,031-234-0040,경기도 화성시 용주로 136,7
18,왕림성당,858,031-227-2811,경기도 화성시 봉담읍 왕림1길 67,7
18,신흥사,859,031-357-2695,경기도 화성시 서신면 신흥사길 17-34,7
18,만의사,860,031-376-6005,경기도 화성시 동탄면 풀무골로 219,7
18,궁평캠프 승마장,861,031-357-7181,경기도 화성시 서신면 궁평항로,4
18,카라반 캠프,862,010-3589-8031,경기도 화성시 서신면 해안길 72,4
18,경기도사격테마파크,863,031-352-6056,경기도 화성시 양감면 사격장길 142,4
18,글램비 글램핑,864,031-357-7263,경기도 화성시 서신면 해안길 80,4
18,제부도,865,031-369-1673,경기도 화성시 서신면 제부리 224,4
18,제부도 워터워크,866,031-369-1673,경기도 화성시 서신면 제부로 235-1,4
18,제부도 아트파크,867,031-369-1673,경기도 화성시 서신면 제부리,4
18,제부도 경관벤치,868,031-369-1673,경기도 화성시 서신면 해안산책로,4
18,제부도 탑재산 전망대,869,031-369-1673,경기도 화성시 서신면 제부리,4
18,퀸승마클럽,870,031-294-3744,경기도 화성시 봉담읍 매봉로 218,4
18,홀스메이트 승마장,871,031-293-0277,경기도 화성시 매송면 화성로 2337-6,4
18,제부도 해안산책로,872,031-369-1673,경기도 화성시 서신면 해안산책로,4
18,토닥토닥글램핑,873,010-5322-5054,경기도 화성시 서신면 해안길178번길 48-6,4
18,홍천덤바우록계탕,874,031-366-7880,경기도 화성시 남양읍 역골중앙로41번길 42,0
18,소담뜰,875,031-8059-7667,경기도 화성시 향남읍 배터길 14,0
19,황학산수목원,876,031-887-2741,경기도 여주시 황학산수목원길 73,3
19,신륵사관광지,877,031-885-2505,경기도 여주시 신륵사길 73,5
19,여강길,878,031-884-9089,경기도 여주시 강변유원지길 105,5
19,양자산,879,031-770-2341,경기도 여주시 산북면 하품리 651-3,5
19,여강길,880,031-884-9089,경기도 여주시 단현동 119-1,5
19,이포보,881,,경기도 여주시 금사면 이포리 5,5
19,강천보,882,031-887-3573,경기도 여주시 신단1길 83,5
19,해여림빌리지,883,031-882-1700,경기도 여주시 산북면 해여림로 78,5
19,강천섬캠핑장,884,031-882-7588,경기도 여주시 강천면 강천리길 76-14,5
19,신륵사,885,031-885-2505,경기도 여주시 여주읍 신륵사길 73 (천송동 282),1
19,명성황후생가,886,031-881-9730,경기도 여주시 여주읍 명성로 71,1
19,목아박물관,887,031-885-9952,경기도 여주시 강천면 이문안길 21,1
19,여주도자세상,888,031-887-8232,경기도 여주시 신륵사길 7 여주세계생활도자관,1
19,여주프리미엄아울렛,889,031-1644-4001,경기도 여주시 명품로 360,1
19,죽포미술관,890,031-881-5905,경기도 여주시 산북면 고촌길 26-10,2
19,여주종합운동장,891,031-887-2791,경기도 여주시 영릉로 123,2
19,지미당,892,031-884-6036,경기도 여주시 하거1길 6,2
19,삼합리,893,,경기도 여주군 점동면,2
19,여주문화원,894,031-883-3450,경기도 여주시 신륵사길 6-6,2
19,한얼테마박물관,895,031-881-6319,경기도 여주시 대신면 대신1로 298,2
19,반달미술관 (여주세계생활도자관),896,031-884-8644,경기도 여주시 신륵사길 7,2
19,여주박물관,897,031-887-3581,경기도 여주시 신륵사길 6-12,2
19,명성황후기념관,898,031-881-9731,경기도 여주시 명성로 71,2
19,목아박물관,899,031-885-9952,경기도 여주시 강천면 이문안길 21,2
19,여주시립폰박물관,900,031-887-3548,경기도 여주시 강변유원지길 105,2
19,여성생활사박물관,901,031-882-8100,경기도 여주시 강천면 강천로 324-20,2
19,세종천문대,902,031-886-2200,경기도 여주시 강천면 부평리 472-2,6
19,여주해바라기체험마을,903,031-886-8668,경기도 여주시 강천면 부평로 368,6
19,도리늘향골마을,904,010-9174-7876,경기도 여주시 점동면 도리 133-1,6
19,루돌프(사슴마을),905,010-5245-1927,경기도 여주시 금사면 금품2로 483,6
19,여성생활사박물관,906,031-882-8100,경기도 여주시 강천면 강천로 324-20,6
19,신륵사,907,031-885-2505,경기도 여주시 여주읍 신륵사길 73,6
19,여주한지문화체험학교,908,031-886-0135,경기도 여주시 점동면 안평로 296,6
19,신륵사,909,031-885-2505,경기도 여주시 신륵사길 73,6
19,그린투어마을,910,031-881-5454,경기도 여주시 능서면 광대1길 10-1,6
19,여주 팜스테이마을,911,031-886-5552,경기도 여주시 금사면 윗범실길 8-3,6
19,목아박물관,912,031-885-9952,경기도 여주시 강천면 이문안길 21,6
19,이조도예 체험학습장,913,031-885-2108,경기도 여주시 평장길 55 이조도예,6
19,농업회사법인 l주l 은아목장,914,031-882-5868,경기도 여주시 가남읍 금당5길 139,6
19,여주서화마을,915,070-7722-0330,경기도 여주시 북내면 서원2길 38,6
19,도리늘향골마을,916,010-9174-7876,경기도 여주시 점동면 도리 133-1,6
19,오감도토리마을,917,031-886-8668,경기도 여주시 강천면 강천로 776,6
19,흥왕사,918,031-882-0631,경기도 여주시 북내면 당전로 345-4,7
19,대성사(여주),919,031-882-9846,경기도 여주시 금사면 발림길 89-47,7
19,능원사,920,,경기도 여주시 북내면 모양길 37,7
19,썬밸리워터파크,921,031-880-3889,경기도 여주시 강변유원지길 45,7
19,여주참숯마을,922,031-886-1119,경기도 여주시 강천면 걸촌동길 38,7
19,여주온천,923,031-885-4800,경기도 여주시 강천면 강문로 864,7
19,신륵사,924,031-885-2505,경기도 여주시 여주읍 신륵사길 73,7
19,흥왕사,925,031-882-0631,경기도 여주시 북내면 당전로 345-4,7
19,썬밸리워터파크,926,031-880-3889,경기도 여주시 강변유원지길 45,7
19,금은모래 캠핑장,927,031-880-4095,경기도 여주시 강변유원지길 105,7
19,대성사(여주),928,031-882-9846,경기도 여주시 금사면 발림길 89-47,7
19,능원사,929,,경기도 여주시 북내면 모양길 37,7
19,신륵사,930,031-885-2505,경기도 여주시 여주읍 신륵사길 73,7
19,여주참숯마을,931,031-886-1119,경기도 여주시 강천면 걸촌동길 38,7
19,숲을 그리다,932,031-884-5919,경기도 여주시 북내면 상교3길 56-37,7
19,팜스퀘어 하늘타리,933,,경기도 여주시 금사면 도곡리 241-1,4
19,오름새관광농원,934,031-885-2820,경기도 여주시 산북면 송현리 99,4
19,여주산촌오토캠핑장,935,010-2666-9763,경기도 여주시 금사면 금품1로 552,4
19,파인 관광농원,936,,경기도 여주시 가남읍 신해리 649-10,4
19,호수산장관광농원&캠핑,937,031-882-9779,경기도 여주시 가남읍 신해리 222-2,4
19,이포보오토캠핑장,938,031-881-6384,경기도 여주시 대신면 여양로 1935-177,4
19,흙의 사랑 캠핑장,939,070-4633-2899,경기도 여주시 능서면 중부대로 2545-74 흙의 사랑 캠핑장,4
19,이포보 오토&웰빙캠핑장,940,031-881-6384,경기도 여주시 대신면 천서리,4
19,팜스퀘어,941,010-4367-1284,경기도 여주시 능현2길 59-46,4
19,여주 인디언 캠핑장,942,010-2689-1221,경기도 여주시 현암동 평장길 74 인디언 캠핑장,4
19,해여림빌리지,943,031-882-1700,경기도 여주시 산북면 해여림로 78,4
19,여주 카라반 체험장,944,02-2002-9843,경기도 여주시 점동면 선사길 321,4
19,예터캠핑&엘리스숲미술관,945,010-5717-1572,경기도 여주시 점동면 오갑산길 148-124,4
19,아리수 수상레저,946,010-7136-7768,경기도 여주시 현암동 637-42번지,4
19,복합테마파트 팜스퀘어,947,010-7769-5668,경기도 여주시 금사면 금품2로 835-64,4
19,이포보웰빙캠핑장,948,031-883-6384,경기도 여주시 대신면 천서리 755,4
19,흙의 사랑 캠핑장,949,010-8301-2299,경기도 여주시 능서면 번도리 239-1,4
19,파인글램핑,950,031-883-7103,경기도 여주시 가남읍 경충대로 1483-25,4
19,금은모래 강변 캠핑장,951,031-887-2859,경기도 여주시 연양동 304-3,4
19,아트항공레져,952,031-881-4009,"경기도 여주시 가남읍 가여로 300 ㈜승진항공기술 경기도 안성시 공도읍 신두만곡로 250-91""",4
19,예터캠핑&엘리스숲미술관,953,010-5717-1572,경기도 여주시 점동면 오갑산길 148-124,4
19,여주참숯마을오토캠핑장,954,031-886-1119,경기도 여주시 강천면 이호리 65-6,4
19,금은모래 캠핑장,955,031-887-2859,경기도 여주시 강변유원지길 107 금은모래 캠핑장,4
19,추억만들기캠핑장,956,010-5323-9555,경기도 여주시 북내면 당전로 470,4
19,삼구농원,957,031-884-3911,경기도 여주시 세종로517번길 55-18,0
19,강계봉진막국수,958,031-882-8300,경기도 여주시 대신면 천서리길 26,0
19,몽산채뜰,959,031-886-5777,경기도 여주시 여양로 351,0
19,여주본가,960,031-883-1277,경기도 여주시 가남읍 가남로 270-3,0
19,오미가든,961,031-883-3141,경기도 여주시 가남읍 송삼로 171,0
19,청심정,962,031-886-2580,경기도 여주시 강변로 64-2,0
19,황제능이버섯 백숙,963,031-881-5285,경기도 여주시 여양로 428,0
20,부천무릉도원수목원,964,032-320-3000,경기도 부천시 길주로 660,3
20,시민의강,965,032-625-3563,경기도 부천시 부흥로 399,5
20,상동호수공원,966,032-320-3000,경기도 부천시 원미구 조마루로 15,5
20,부천중앙공원,967,032-625-3496,경기도 부천시 원미구 소향로 162,5
20,부천자연생태공원,968,032-320-3000,경기도 부천시 원미구 길주로 660,5
20,심곡천,969,031-631-4071,경기도 부천시 심곡동 193,5
20,도당공원,970,032-625-3497,경기도 부천시 원미구 소사로593번길 124,5
20,부천백만송이장미원,971,032-320-3000,경기도 부천시 성곡로63번길 99 도당공원,5
20,로보파크,972,070-7094-5479,경기도 부천시 원미구 평천로 655,1
20,한국만화박물관,973,032-310-3090,경기도 부천시 원미구 길주로1(상동 529-2),1
20,부천교육박물관,974,032-661-1282,경기도 부천시 원미구 소사로 482,2
20,부천물박물관,975,032-625-3399,경기도 부천시 오정구 길주로 691 까치울정수장 관리본관 1층,2
20,펄벅기념관,976,032-668-7565,경기도 부천시 소사구 성주로214번길 61,2
20,부천시민회관,977,032-320-6481,경기도 부천시 부일로 365,2
20,오정아트홀,978,032-320-6481,경기도 부천시 오정구 성오로 172,2
20,부천문화원,979,032-651-3739,경기도 부천시 경인로92번길 33 (송내동),2
20,부천수석박물관,980,032-655-2900,경기도 부천시 원미구 소사로 482,2
20,유럽자기박물관,981,032-661-0238,경기도 부천시 원미구 소사로 482,2
20,만화박물관,982,032-310-3090,경기도 부천시 원미구 길주로 1,2
20,복사골문화센터아트홀,983,032-320-6481,경기도 부천시 원미구 한아름마을로 17 복사골문화센터,2
20,부천향토역사관,984,032-625-8385,경기도 부천시 소사로 638 부천옹기박물관,2
20,부천활박물관,985,032-614-2678,경기도 부천시 원미구 소사로 482,2
20,부천아트벙커B39,986,032-321-3901,경기도 부천시 삼작로 53,2
20,만화박물관,987,032-310-3090,경기도 부천시 길주로 1,6
20,플레이아쿠아리움부천,988,032-326-9500,경기도 부천시 조마루로 2,6
20,웅진플레이도시,989,031-1577-5773,경기도 부천시 원미구 조마루로 2,7
20,아인스월드,990,02-1544-2767,경기도 부천시 원미구 도약로 1,7
20,석왕사,991,032-663-7771,경기도 부천시 원미구 소사로 367,7
20,야인시대캠핑장,992,031-1899-5584,경기도 부천시 원미구 길주로 1,4
20,아인스월드캠핑,993,032-320-6000,경기도 부천시 도약로1,4
20,여월농업공원 캠핑장,994,032-202-7992,경기도 부천시 원미로281번길 75,4
20,산마루촌,995,032-676-5252,경기도 부천시 여월로 214,0
20,참맛진숯불갈비,996,032-325-6464,경기도 부천시 석천로177번길 16,0
20,우소보소 수련,997,032-329-9100,경기도 부천시 옥산로 104,0
20,명가추어탕,998,032-678-1314,경기도 부천시 원종로86번길 7,0
20,황해도,999,032-672-5524,경기도 부천시 원종로51번길 64,0
20,작동오리불고기,1000,032-681-5292,경기도 부천시 역곡로344번길 16,0
20,조박사아구까치복,1001,032-677-2100,경기도 부천시 삼작로256번길 9,0
21,들꽃식물원,1002,031-772-1800,경기도 양평군 양평읍 수목원길 16,3
21,두물머리,1003,031-770-1001,경기도 양평군 양서면 양수리 697,5
21,용문산,1004,031-773-0088,경기도 양평군 용문면 용문산로 655,5
21,화야산,1005,031-770-3181,경기도 양평군 서종면 노문리,5
21,중원산,1006,031-770-3311,경기도 양평군 용문면,5
21,봉미산,1007,031-770-3191,경기도 양평군 단월면 산음리,5
21,대부산,1008,031-770-3131,경기도 양평군 옥천면 신복리,5
21,도일봉,1009,031-770-3311,경기도 양평군 용문면 중원리,5
21,함왕봉,1010,031-773-5101,경기도 양평군 옥천면 용천리 산 27,5
21,고래산,1011,031-770-3281,경기도 양평군 지평면 대평리,5
21,어비산,1012,031-770-3131,경기도 양평군 옥천면,5
21,세월계곡,1013,,경기도 양평군 강상면 세월리,5
21,벽계구곡,1014,031-770-3161,경기도 양평군 서종면 노문리,5
21,명달리계곡,1015,031-770-3164,경기도 양평군 서종면 명달리,5
21,지평레포츠공원,1016,031-770-3281,경기도 양평군 지평면 지평리 582-2,5
21,옥천레포츠공원,1017,,경기도 양평군 옥천면 옥천체육공원길 40,5
21,청운레포츠공원,1018,,경기도 양평군 청운면 체육공원길 52,5
21,용문산관광단지,1019,031-773-0088,경기도 양평군 용문면 신점리 526-2,5
21,양평 더그림,1020,070-4257-2210,경기도 양평군 옥천면 사나사길 175,5
21,양평 더그림,1021,070-4257-2210,경기도 양평군 옥천면 사나사길 175,5
21,양평 더그림,1022,070-4257-2210,경기도 양평군 옥천면 사나사길 175,5
21,양평 더그림,1023,070-4257-2210,경기도 양평군 옥천면 사나사길 175,5
21,중미산,1024,031-770-2341,경기도 양평군 옥천면 중미산로 1152,5
21,추읍산,1025,031-770-3341,경기도 양평군 용문면 삼성리,5
21,삼각산,1026,031-773-0088,경기도 양평군 양동면,5
21,소리산,1027,031-770-3191,경기도 양평군 단월면 석산리1,5
21,백운봉,1028,031-770-2341,경기도 양평군 용문면 연수리1,5
21,고동산,1029,031-770-3161,경기도 양평군 서종면,5
21,들꽃수목원,1030,031-772-1800,경기도 양평군 양평읍 수목원길 16,5
21,세미원,1031,031-775-1835,경기도 양평군 양서면 양수로 93,5
21,설매재자연휴양림,1032,031-774-6959,경기도 양평군 옥천면 용천로 510,5
21,산음자연휴양림,1033,031-774-8133,경기도 양평군 단월면 고북길 347,5
21,중미산자연휴양림,1034,031-771-7166,경기도 양평군 옥천면 중미산로 11,5
21,서후리숲,1035,031-774-2387,경기도 양평군 서종면 거북바위1길 200,5
21,두물머리물래길,1036,031-770-2099,경기도 양평군 양서면 목왕로 55-10,5
21,양평 더그림,1037,070-4257-2210,경기도 양평군 옥천면 사나사길 175,5
21,풀향기허브나라,1038,031-771-1809,경기도 양평군 용문면 용문산로 120-7,5
21,용문산자연휴양림,1039,031-775-4005,경기도 양평군 양평읍 약수사길 78-14,5
21,상촌계곡,1040,031-770-3045,경기도 양평군 강상면 대석리,5
21,상원사계곡,1041,031-773-5101,경기도 양평군 용문면 연수리,5
21,사나사계곡,1042,031-770-3132,경기도 양평군 옥천면 용천리,5
21,석산계곡,1043,031-773-5101,경기도 양평군 단월면 석산리 230-5,5
21,중원계곡,1044,031-770-1001,경기도 양평군 용문면 중원리706,5
21,양동레포츠공원,1045,031-770-3251,경기도 양평군 양동면 원양2로 832,5
21,개군레포츠공원,1046,031-770-3341,경기도 양평군 개군면 자진개1길 84,5
21,물안개공원,1047,,경기도 양평군 양평읍 양근로 31,5
21,강하체육공원,1048,031-770-3073,경기도 양평군 강하면 운심길 77,5
21,용문사,1049,031-773-3797,경기도 양평군 용문면 용문산로 782,1
21,중미산자연휴양림,1050,031-771-7166,경기도 양평군 옥천면 중미산로 1152,1
21,두물머리,1051,031-770-1001,경기도 양평군 양서면 양수리 852,1
21,민물고기 생태학습관,1052,031-8008-6523,경기도 양평군 용문면 상광길 23-2,1
21,세미원,1053,031-775-1835,경기도 양평군 양서면 양수로 93,1
21,소나기마을,1054,031-773-2299,경기도 양평군 서종면 소나기마을길 24,1
21,마나스아트센터,1055,031-774-5121,경기도 양평군 강상면 강남로 743,2
21,닥터박갤러리,1056,031-775-5600,경기도 양평군 강하면 강남로 469,2
21,양평문화원,1057,031-771-3866,경기도 양평군 양평읍 마유산로 5,2
21,갤러리와,1058,031-771-5454,경기도 양평군 강하면 전수샛골2길 3,2
21,C아트뮤지엄,1059,031-775-6945,경기도 양평군 양동면 다락근이길 57-13,2
21,양평친환경농업박물관,1060,031-772-3370,경기도 양평군 용문면 용문산로 670,2
21,황순원문학촌소나기마을,1061,031-773-2299,경기도 양평군 서종면 소나기마을길 24,2
21,바탕골예술관,1062,031-774-0745,경기도 양평군 강하면 강남로 50,2
21,문호리리버마켓,1063,010-5267-2768,경기도 양평군 서종면 북한강로 941,2
21,한강물환경생태관,1064,031-770-7290,경기도 양평군 양서면 두물머리길68번길 42,2
21,추억의 청춘뮤지엄,1065,031-775-8907,경기도 양평군 용문면 용문산로 620,2
21,양평 양떼목장,1066,010-4799-8541,경기도 양평군 은고갯길 112,6
21,옹달샘꽃누름마을,1067,031-773-3098,경기도 양평군 용문면 궁촌길29번길 12-1,6
21,민물고기생태학습관,1068,031-8008-6523,경기도 양평군 용문면 상광길 23-2,6
21,양평곤충박물관,1069,031-775-8022,경기도 양평군 옥천면 경강로 1496,6
21,마들가리마을,1070,031-771-6432,경기도 양평군 양동면 양동로 572,6
21,세미원,1071,031-775-1835,경기도 양평군 양서면 양수로 93,6
21,산수유꽃마을,1072,031-771-5010,경기도 양평군 개군면 산수유꽃길 88,6
21,쌍겨리마을,1073,031-771-9382,경기도 양평군 단월면 섬이길 274-12,6
21,그린토피아과수마을,1074,010-3484-4929,경기도 양평군 양서면 골용진길19번길 2-6,6
21,환경재생조형박물관,1075,031-772-7978,경기도 양평군 강상면 강남로 981,6
21,양평레일바이크,1076,031-775-9911,경기도 양평군 용문면 용문로 277,6
21,광이원,1077,031-774-4700,경기도 양평군 용문면 용문산로 120-11,6
21,유기농마을,1078,070-8839-6250,경기도 양평군 옥천면 하사천길 14,6
21,양평보릿고개마을,1079,031-774-7786,경기도 양평군 용문면 연안길 32-1,6
21,풀향기 허브나라 & 더 토이:토이전시,1080,031-771-1809,경기도 양평군 용문면 덕촌리 13-1,6
21,두물머리 생태학교,1081,031-771-0551,경기도 양평군 양서면 두물머리길 108-22,6
21,외갓집체험마을,1082,031-772-3885,경기도 양평군 청운면 신론로 344,6
21,신론리 외갓집체험마을,1083,031-772-3402,경기도 양평군 청운면 상고론길 9-8,6
21,묘각사,1084,031-771-5737,경기도 양평군 서종면 약수터길 83,7
21,쉬자파크,1085,031-770-1009,경기도 양평군 양평읍 쉬자파크길 193,7
21,상원사,1086,031-773-4634,경기도 양평군 용문면 상원사길 292,7
21,양근성지,1087,031-775-3357,경기도 양평군 양평읍 물안개공원길 37,7
21,용문사,1088,031-773-3797,경기도 양평군 용문면 용문산로 782,7
21,쉐르빌유황온천관광호텔,1089,031-774-4101,경기도 양평군 개군면 신내길7번길 37,7
21,R401,1090,031-774-7988,경기도 양평군 강상면 신당곡1길 6-18,7
21,용문사,1091,031-773-3797,경기도 양평군 용문면 용문산로 782,7
21,서후리캠핑장,1092,,경기도 양평군 서차남1길 4-0,4
21,글램퍼스 양평점,1093,010-7711-8888,경기도 양평군 단월면 대부록길 38-3,4
21,상상글램퍼스,1094,010-8484-8203,경기도 양평군 옥천면 용천로 317,4
21,와이글램핑,1095,031-772-5772,경기도 양평군 용문면 강이대길38번길 26-37,4
21,양평베이스캠프,1096,,경기도 양평군 경강로 2277-21,4
21,양평꿈의마을오토캠핑장,1097,010-2520-0108,경기도 양평군 청운면 황정2길 98-9,4
21,양평 휴 캠핑 워크샵,1098,,경기도 양평군 청운면 갈운리 514-5,4
21,양평 파인힐 야영장,1099,,경기도 양평군 지평면 옥현리 1504-5,4
21,양평 스파앤캠핑,1100,,경기도 양평군 단월면 고북길 228,4
21,스톤힐,1101,010-2705-8512,경기도 양평군 양평읍 양근골안길17번길 2-24,4
21,글램핑코리아 양평점,1102,070-4809-9099,경기도 양평군 양평읍 충신로189번길 41-36 글램핑코리아(주),4
21,글램핑앤카라반,1103,031-773-3709,경기도 양평군 단월면 단월로 600,4
21,글램퍼스 양평점,1104,010-7711-8888,경기도 양평군 단월면 대부록길 38-3,4
21,천사봉오토캠핑장,1105,010-3788-6871,경기도 양평군 단월면 고북길 11,4
21,플라워카라반펜션,1106,010-7118-5432,경기도 양평군 석산로 1543-9,4
21,용문산 자연휴양림,1107,031-775-4005,경기도 양평군 양평읍 약수사길 78-14,4
21,대명레저산업 양평,1108,031-1588-4888,경기도 양평군 개군면 신내길7번길 55,4
21,스톤힐,1109,010-2705-8512,경기도 양평군 양평읍 양근골안길17번길 2-24,4
21,산음자연휴양림,1110,031-774-8133,경기도 양평군 단월면 고북길 347,4
21,용문산야영장,1111,010-3267-0279,경기도 양평군 용문면 용문산로 684,4
21,산음캠핑,1112,031-772-3054,경기도 양평군 단월면 고북길 76-23,4
21,별자리캠핑장,1113,010-4317-0808,경기도 양평군 서종면 서정로 361-3,4
21,꿈의 마을 캠핑장,1114,010-3463-0574,경기도 양평군 청운면 황정2길 98-9,4
21,중미산자연휴양림,1115,031-771-7166,경기도 양평군 옥천면 중미산로 11,4
21,X_LIFE,1116,010-3796-9901,경기도 양평군 옥천면 용천리 산29-1,4
21,양평칠읍산밸리,1117,010-5441-4477,경기도 양평군 용문면 화전로266번길 10-5,4
21,용문산관광지 야영장,1118,,경기도 양평군 용문산로 684-0,4
21,서종힐링캠핑장,1119,,경기도 양평군 화서로 532-6,4
21,솔뜰캠핑장,1120,010-9069-9670,경기도 양평군 옥천면 사기점길 53,4
21,에덴펜션캠핑장,1121,010-5317-4809,경기도 양평군 서종면 중미산로 491,4
21,산음숲자연학교캠프장,1122,031-771-2504,경기도 양평군 단월면 봉미산샘골길 1 산음숲자연학교,4
21,양평 산울림오토캠핑장,1123,010-4233-5682,경기도 양평군 양동면 불개터길 65-19,4
21,갈기산캠핑장,1124,010-2476-3657,경기도 양평군 청운면 신론새터길 23,4
21,와글와글 캠핑스토리 캠프산음,1125,031-772-4707,경기도 양평군 단월면 석산로 837,4
21,소노문양평(구대명리조트양평)별헤는밤캠핑장,1126,031-770-7516,경기도 양평군 개군면 신내길7번길 55,4
21,청운오토캠핑장,1127,031-775-1231,경기도 양평군 청운면 수풀길 37,4
21,양평 오커빌리지,1128,031-775-5071,경기도 양평군 용문면 장수길 22,4
21,금물산하늘소캠프,1129,,경기도 양평군 청운면 삼백골길 45,4
21,양평신화캠핑장,1130,010-5350-9626,경기도 양평군 강상면 강상로 326,4
21,양평 수목원캠핑장,1131,031-1666-5492,경기도 양평군 지평면 옥현리 1503-1,4
21,미리내승마클럽,1132,031-774-0300,경기도 양평군 지평면 월산저수지길 21,4
21,와글와글 캠핑스토리 캠프산음,1133,031-772-4707,경기도 양평군 단월면 석산로 837,4
21,오목골캠핑장,1134,,경기도 양평군 청운면 다대리 산45-2번지 외 4필지,4
21,양평드림캠핑장,1135,010-5966-2600,경기도 양평군 용문면 금곡리 231-21,4
21,양평 힐인힐 야영장,1136,,경기도 양평군 지평면 옥현리 1504-5외 12필지,4
21,양평 프라자 관광농원,1137,,경기도 양평군 옥천면 신복리 281,4
21,신화가족목공체험 캠핑소,1138,,경기도 양평군 강상면 강상로 326,4
21,스마일캠핑장,1139,031-775-1900,경기도 양평군 단월면 석산리 142-1,4
21,갈기산펜션캠핑장,1140,010-2476-3657,경기도 양평군 청운면 신론리 189,4
21,설매재자연휴양림,1141,031-774-6959,경기도 양평군 옥천면 용천로 510,4
21,길조,1142,031-774-7020,경기도 양평군 강상면 독배길 32-25,0
21,중미산막국수,1143,031-773-1834,경기도 양평군 옥천면 마유산로 586,0
22,노래하는분수대,1144,031-924-5822,경기도 고양시 일산동구 호수로 595,5
22,정발산,1145,,경기도 고양시 일산동구 가인길 58,5
22,노고산,1146,,경기도 고양시 덕양구 효자동,5
22,북한산,1147,02-909-0497,경기도 고양시 덕양구 대서문안길,5
22,고양생태공원,1148,031-924-7341,경기도 고양시 일산서구 대화로 315,5
22,일산호수공원,1149,031-906-4557,경기도 고양시 일산동구 호수로 595,5
22,고봉산,1150,031-8075-2714,경기도 고양시 일산동구 성석로 103,5
22,현달산(견달산),1151,,경기도 고양시 일산동구 식사동 산39-3,5
22,덕양산,1152,031-961-2580,경기도 고양시 덕양구 성사동 산60-34,5
22,아를식물원,1153,02-381-4227,경기도 고양시 덕양구 오금동 55-3,5
22,서오릉나들길,1154,02-359-0090,경기도 고양시 덕양구 서오릉로 334-92,5
22,선인장전시관,1155,031-908-4525,경기도 고양시 일산동구 호수로 595,5
22,고양꽃전시관,1156,031-908-7750,경기도 고양시 일산동구 호수로 595,5
22,렛츠런팜 원당,1157,02-509-2672,경기도 고양시 덕양구 서삼릉길 233-112,1
22,원마운트,1158,031-1566-2232,경기도 고양시 일산서구 한류월드로 300,1
22,중남미문화원,1159,031-962-7171,경기도 고양시 덕양구 대양로285번길 33-15,1
22,북한산,1160,02-909-0497,경기도 고양시 덕양구 대서문길 265,1
22,킨텍스,1161,031-810-8114,경기도 고양시 일산서구 한류월드로 408,1
22,행주산성,1162,031-8075-4642,경기도 고양시 덕양구 행주내동 산 26,1
22,일산호수공원,1163,031-909-9000,경기도 고양시 일산동구 호수로 595,1
22,행주대첩기념관,1164,031-974-7237,경기도 고양시 덕양구 행주내동 산12,2
22,고양아람누리,1165,031-1577-7766,경기도 고양시 일산동구 중앙로 1286,2
22,고양문화원,1166,031-963-0600,경기도 고양시 일산서구 한류월드로 280 (대화동),2
22,킨텍스,1167,031-810-8114,경기도 고양시 일산서구 한류월드로 408,2
22,김내현화랑,1168,031-963-3262,경기도 고양시 덕양구 내유길 265,2
22,롯데갤러리 일산점,1169,031-909-2688,경기도 고양시 일산동구 중앙로 1283 롯데백화점 일산점 별관 B1F,2
22,고양화장실전시관,1170,031-8075-4358,경기도 고양시 일산동구 호수로 595,2
22,고양어린이박물관,1171,031-839-0300,경기도 고양시 덕양구 화중로 26길,2
22,고양어울림누리,1172,031-1577-7766,경기도 고양시 덕양구 어울림로 33 (성사동),2
22,고양시문예회관,1173,031-965-2957,경기도 고양시 덕양구 고양시청로 10 (주교동),2
22,한국항공대학교 항공우주박물관,1174,02-3000-4667,경기도 고양시 덕양구 항공대학로 76,6
22,일산동물의왕국,1175,031-918-5656,경기도 고양시 일산서구 장수길 29,6
22,고양 낙농 치즈 테마체험장,1176,031-964-3057,경기도 고양시 덕양구 통일로 915-67,6
22,현대모터스튜디오고양,1177,031-1899-6611,경기도 고양시 일산서구 킨텍스로 217-6,6
22,쥬라리움 일산점,1178,031-962-4500,경기도 고양시 덕양구 원당로 458번길 7-42,6
22,증권박물관,1179,031-900-7070,경기도 고양시 일산동구 호수로 358-8 한국예탁결제원,6
22,중남미문화원,1180,031-962-7171,경기도 고양시 덕양구 대양로285번길 33-15,6
22,배다골테마파크,1181,031-970-6330,경기도 고양시 덕양구 배다골길 131,6
22,아쿠아플라넷일산,1182,031-960-8500,경기도 고양시 일산서구 한류월드로 282,6
22,흥국사,1183,02-381-7970,경기도 고양시 덕양구 흥국사길 82,7
22,태고사,1184,02-384-5589,경기도 고양시 덕양구 대서문길 406,7
22,한미산흥국사약사전,1185,031-8075-3388,경기도 고양시 덕양구 흥국사길 82,7
22,원마운트 워터파크,1186,031-1566-2232,경기도 고양시 일산서구 한류월드로 300 (대화동),7
22,흥국사,1187,02-381-7970,경기도 고양시 덕양구 흥국사길 82 (지축동),7
22,아미타사(구 덕암사),1188,,경기도 고양시 덕양구 대서문길 145-63,7
22,국녕사,1189,02-387-0743,경기도 고양시 덕양구 대서문길 268,7
22,상운사,1190,02-387-4731,경기도 고양시 덕양구 대서문길 197-22,7
22,노적사,1191,02-353-5016,경기도 고양시 덕양구 대서문길 311-35,7
22,무량사,1192,02-385-7777,경기도 고양시 덕양구 대서문길 184,7
22,킨텍스캠핑장,1193,031-913-1700,경기도 고양시 킨텍스 야외전시장(일산서구 대화동 2720번지),4
22,어썸타운,1194,02-712-5999,경기도 고양시 덕양구 내유길 178-1,4
22,북한산펜션 둥글이네펜션캠핑장,1195,010-7101-3638,경기도 고양시 덕양구 북한산로 387번길 45-12,4
22,청정바지락칼국수,1196,031-912-7676,경기도 고양시 일산동구 일산로463번길 7,0
22,양촌리아구,1197,031-911-0430,경기도 고양시 일산서구 대화2로 152,0
22,정통중화요리 남궁,1198,031-911-3702,경기도 고양시 일산서구 일산로 682,0
22,야구장농원,1199,031-964-2884,경기도 고양시 일산동구 견달산로 351,0
23,원도봉산,1200,031-828-4572,경기도 의정부시 망월로28번길 51-97,5
23,사패산,1201,031-828-2343,경기도 의정부시 망월로28번길 164-100,5
23,의정부소풍길,1202,031-828-4354,경기도 의정부시 민락동 산100-14,5
23,부용산,1203,031-828-4642,경기도 의정부시 고산동 산57-1,5
23,원도봉유원지,1204,031-828-8000,경기도 의정부시 호원동 230-85,5
23,원도봉산,1205,031-828-4572,경기도 의정부시 망월로28번길 51-97,1
23,의정부예술의전당,1206,031-828-5841,경기도 의정부시 의정로 1,2
23,의정부청소년회관,1207,031-871-0783,경기도 의정부시 의정로 27,2
23,의정부야외공연장,1208,031-828-2114,경기도 의정부시 시민로 1,2
23,의정부문화원,1209,031-872-5678,경기도 의정부시 산단로 123,2
23,의정부 부대찌개거리,1210,031-828-2114,경기도 의정부시 호국로1309번길 7,6
23,원효사,1211,031-873-6083,경기도 의정부시 망월로28번길 356,7
23,석림사,1212,031-872-5110,경기도 의정부시 동일로122번길 177,7
23,미륵암,1213,031-841-8001,경기도 의정부시 고산로 65번길 94,7
23,석림사,1214,031-872-5110,경기도 의정부시 동일로122번길 177,7
23,회룡사,1215,031-873-3391,경기도 의정부시 전좌로155번길 262,7
23,망월사,1216,031-873-7744,경기도 의정부시 망월로28번길 211-500,7
23,원효사,1217,031-873-6083,경기도 의정부시 망월로28번길 356,7
23,회룡사,1218,031-873-3391,경기도 의정부시 전좌로155번길 262,7
23,의정부실내빙상장,1219,031-850-5708,경기도 의정부시 체육로 136,4
23,장암아일랜드캐슬,1220,031-894-0300,경기도 의정부시 장곡로 22,4
23,서울YMCA 다락원 캠프장,1221,031-873-5624,경기도 의정부시 호원동 산119번지,4
23,장수민촌,1222,031-853-2578,경기도 의정부시 승지로4번길 15,0
23,고산떡갈비,1223,031-842-3006,경기도 의정부시 평화로562번길 13,0
23,평양초계탕 막국수,1224,031-874-6526,경기도 의정부시 둔야로33번길 34,0
23,핏제리아 루카,1225,031-851-3589,경기도 의정부시 송현로82번길 17,0
23,송산주막한우생고기전문점,1226,031-853-1010,경기도 의정부시 청사로6번길 7-14,0
24,칠봉산,1227,031-860-2471,경기도 동두천시 송내동,5
24,쇠목계곡,1228,031-860-2250,경기도 동두천시 광암동,5
24,왕방계곡,1229,031-860-2250,경기도 동두천시 탑동,5
24,탑동계곡,1230,031-860-2250,경기도 동두천시 탑동동,5
24,마차산,1231,031-860-2416,경기도 동두천시 안흥동,5
24,소요산,1232,031-860-2065,경기도 동두천시 평화로 2910번길 145,5
24,장림계곡,1233,031-860-2250,경기도 동두천시 불현동 885-3,5
24,소요산,1234,031-860-2065,경기도 동두천시 평화로 2910번길 145,1
24,디자인아트빌리지,1235,,경기도 동두천시 평화로 2539 보산역 일대,2
24,경기북부어린이박물관,1236,031-860-2860,경기도 동두천시 평화로 2910번길 46,2
24,벨기에·룩셈부르크참전기념탑,1237,,경기도 동두천시 상봉암동 13,7
24,자재암,1238,031-865-4045,경기도 동두천시 평화로2910번길 140,7
24,자유수호평화박물관,1239,031-860-3330,경기도 동두천시 평화로 2910번길 96-63,7
24,자재암,1240,031-865-4045,경기도 동두천시 평화로2910번길 140,7
24,자유수호평화박물관,1241,031-860-3330,경기도 동두천시 평화로 2910번길 96-63,7
24,노르웨이참전기념비,1242,031-860-3330,경기도 동두천시 평화로 2910번길 96-63,7
24,노르웨이참전기념비,1243,031-860-3330,경기도 동두천시 평화로 2910번길 96-63,7
24,벨기에·룩셈부르크참전기념탑,1244,,경기도 동두천시 상봉암동 13,7
24,온새미 오토캠핑장,1245,010-9029-6071,경기도 동두천시 탑동동 647,4
24,산촌 캠핑장,1246,010-4629-5795,경기도 동두천시 탑동동 286,4
24,벨라,1247,,경기도 동두천시 탑동동 322-6,4
24,온세미로,1248,,경기도 동두천시 천보산로 537,4
24,에코유 캠핑장,1249,,경기도 동두천시 탑동동 495-3,4
24,놀터글램핑,1250,031-867-1220,경기도 동두천시 신천로 274-57,4
24,산야초 자연캠핑장,1251,,경기도 동두천시 광암동 쇠목길 320 산야초 자연캠핑장,4
24,벨라캠핑장,1252,010-3301-9491,경기도 동두천시 탑신로237번길 39,4
24,생연칼국수,1253,031-865-2011,경기도 동두천시 생연로 124,0
24,대호숯불갈비,1254,031-868-0092,경기도 동두천시 중앙로265번길 19,0
24,동동갈비,1255,031-864-3093,경기도 동두천시 어수로101번길 13,0
24,그집순대국,1256,031-863-2254,경기도 동두천시 장고갯로 127,0
25,아차산,1257,02-450-1395,경기도 구리시 아천동,5
25,인창중앙공원,1258,031-550-2418,경기도 구리시 인창동 309-43번지,5
25,구리 돌다리길 곱창골목,1259,031-550-2233,경기도 구리시 안골로103번길 41,5
25,구리한강시민공원,1260,031-550-2107,경기도 구리시 왕숙천로 49,5
25,장자호수공원,1261,031-550-2472,경기도 구리시 토평동 878,5
25,고구려대장간마을,1262,031-557-1010,경기도 구리시 우미내길 41,1
25,고구려대장간마을,1263,031-557-1010,경기도 구리시 우미내길 41,2
25,구리문화원,1264,031-557-6383,경기도 구리시 동구릉로 217-14 (인창동),2
25,구리아트홀,1265,031-550-8800,경기도 구리시 아차산로 453,2
25,고구려대장간마을,1266,031-557-1010,경기도 구리시 우미내길 41,6
25,구리시곤충생태관,1267,031-550-2586,경기도 구리시 검배로 200,6
25,대성암,1268,02-457-5500,경기도 구리시 아천동 산 40-6,7
25,늘푸른캠핑장,1269,031-572-4511,경기도 구리시 동구릉로459번길 181,4
25,구리승마클럽,1270,031-563-2370,경기도 구리시 왕숙천로 11-44,4
26,산들소리수목원,1271,031-574-3252,경기도 남양주시 불암산로59번길 48-31,3
26,물맑음수목원,1272,031-5902-4075,경기도 남양주시 수동면 지둔로307번길 47-4,3
26,산들소리 수목원,1273,031-574-3252,경기도 남양주시 불암산로59번길 48-31,5
26,예봉산,1274,,경기도 남양주시 와부읍 조안면,5
26,용암산,1275,031-828-4572,경기도 남양주시 별내면 용암리,5
26,천마산,1276,031-590-2733,경기도 남양주시 화도읍,5
26,문안산,1277,031-592-4900,경기도 남양주시 화도읍 금남리,5
26,서리산,1278,,경기도 남양주시 수동면,5
26,비금계곡,1279,031-592-0088,경기도 남양주시 수동면 내방리,5
26,남양주다산길,1280,031-590-2416,경기도 남양주시 고산로 184-1,5
26,물의정원,1281,031-590-2783,경기도 남양주시 조안면 북한강로 398,5
26,수락산,1282,031-828-2342,경기도 남양주시 별내면 청학리 551-2,5
26,불암산,1283,02-950-3395,경기도 남양주시 별내면 화접리,5
26,철마산,1284,031-590-2474,경기도 남양주시 진접읍,5
26,운길산,1285,031-590-2344,경기도 남양주시 조안면 북한강로433번길 186,5
26,석화촌,1286,031-574-8671,경기도 남양주시 진건읍 사릉로304번길 39-3,5
26,수동국민관광지,1287,031-590-2793,경기도 남양주시 수동면 내방2리 211,5
26,남양주오남호수공원,1288,031-590-2416,경기도 남양주시 오남읍 오남리 산50-2,5
26,남양주 슬로시티길,1289,031-590-2799,경기도 남양주시 조안면 진중리,5
26,팔당유원지,1290,031-590-4900,경기도 남양주시 와부읍 팔당리,5
26,축령산자연휴양림,1291,031-8008-6690,경기도 남양주시 수동면 축령산로 299,5
26,물맑음수목원,1292,031-590-4076,경기도 남양주시 수동면 지둔로307번길 47-4,5
26,피아노폭포,1293,031-590-8224,경기도 남양주시 화도읍 폭포로 562,5
26,몽골문화촌,1294,031-559-8018,경기도 남양주시 수동면 비룡로 1635,1
26,실학박물관,1295,031-579-6000,경기도 남양주시 조안면 다산로 747번길 16,1
26,수종사,1296,031-576-8411,경기도 남양주시 조안면 북한강로 433번길 186,1
26,남양주종합촬영소[폐관],1297,031-579-0605,경기도 남양주시 조안면 북한강로 855번길 138,1
26,축령산자연휴양림,1298,031-592-0681,경기도 남양주시 수동면 축령산로 299,1
26,몽골문화촌,1299,031-559-8018,경기도 남양주시 수동면 비룡로 1635,2
26,김교각기념관,1300,031-577-6433,경기도 남양주시 와부읍 석실로율석안길 167 백천사,2
26,모란미술관,1301,031-594-8001,경기도 남양주시 화도읍 경춘로 2110번길 8,2
26,남양주문화원,1302,031-592-0667,경기도 남양주시 경춘로 883-36,2
26,왈츠와닥터만커피박물관,1303,031-576-6051,경기도 남양주시 북한강로 856-37,2
26,아라크노피아,1304,031-576-7908,경기도 남양주시 조안면 운길산로 316,2
26,어린이비전센터,1305,031-560-1562,경기도 남양주시 진접읍 해밀예당1로 96,2
26,두물워크샵,1306,031-592-3336,경기도 남양주시 화도읍 북한강로1112번길 19,2
26,서호미술관,1307,031-592-1865,경기도 남양주시 화도읍 북한강로 1344,2
26,우석헌자연사박물관,1308,031-572-9555,경기도 남양주시 진접읍 금강로 1095,2
26,남양주시립박물관,1309,031-590-8600,경기도 남양주시 와부읍 팔당로 121,2
26,실학박물관,1310,031-579-6000,경기도 남양주시 조안면 다산로 747길,6
26,오남공룡체험전시관,1311,031-527-1239,경기도 남양주시 오남읍 팔현로 175번길,6
26,남양주시화도푸른물센터,1312,031-590-4660,경기도 남양주시 화도읍 폭포로 562,6
26,주필거미박물관,1313,031-576-7908,경기도 남양주시 조안면 진중리 528,6
26,주필거미박물관,1314,031-576-7908,경기도 남양주시 조안면 진중리 528,6
26,고로쇠마을,1315,031-511-2521,경기도 남양주시 수동면 비룡로1705번길30,6
26,봉선사,1316,031-527-1951,경기도 남양주시 진접읍 봉선사길 32,7
26,묘적사,1317,031-577-1761,경기도 남양주시 와부읍 월문리 222,7
26,능내역,1318,,경기도 남양주시 조안면 다산로 566-5,7
26,봉영사,1319,031-571-0555,경기도 남양주시 진접읍 내각2로 84-77,7
26,불암사,1320,031-527-8345,경기도 남양주시 불암산로 190,7
26,천보사,1321,031-528-8780,경기도 남양주시 불암산로 145,7
26,석천암,1322,031-527-8988,경기도 남양주시 불암산로 175,7
26,내원암,1323,031-841-8794,경기도 남양주시 별내면 순화궁로909번길 104,7
26,봉선사,1324,031-527-1951,경기도 남양주시 진접읍 봉선사길 32,7
26,수종사,1325,031-576-8411,경기도 남양주시 조안면 북한강로433번길 186,7
26,리치플러스스파,1326,031-559-6200,경기도 남양주시 경춘로1350번길 35,7
26,남양주유기농테마파크,1327,031-560-1471,경기도 남양주시 조안면 북한강로 881,7
26,견성암,1328,031-573-8900,경기도 남양주시 진건읍 송능리 산 3,7
26,봉인사,1329,031-574-5585,경기도 남양주시 진건읍 사릉로156번길 293,7
26,북한강뷰 카라반파크,1330,02-566-0665,경기도 남양주시 화도읍 북한강로 1546,4
26,남양주 휴림캠핑장,1331,010-7979-1569,경기도 남양주시 수동면 지둔로 344,4
26,더드림핑&웨이브서프,1332,010-8893-9088,경기도 남양주시 화도읍 북한강로 1630-18,4
26,힐링별밤수목원캠핑장,1333,010-8957-0012,경기도 남양주시 수동면 비룡로 1516-19,4
26,수산아카데미캠핑장,1334,031-592-6827,경기도 남양주시 수동면 철마산로 316-31,4
26,스타힐리조트,1335,02-2233-5311,경기도 남양주시 화도읍 먹갓로 96,4
26,시즌파이브,1336,031-575-8799,경기도 남양주시 오남읍 팔현로 207번길 105,4
26,사계절썰매장,1337,031-560-1560,경기도 남양주시 진접읍 해밀예당1로 96,4
26,산여울캠핑장,1338,010-3665-6204,경기도 남양주시 수동면 비룡로1742번길 7,4
26,에이제이오토캠핑장,1339,031-592-7970,경기도 남양주시 수동면 비룡로 1738-23,4
26,새연글램핑 남양주점,1340,010-9456-5938,경기도 남양주시 수동명 지둔로445번안길 10-6,4
26,수동벨하우스펜션&오토캠핑장,1341,031-592-6877,경기도 남양주시 수동면 지둔로445번길 101,4
26,햇살가득캠핑장,1342,010-2583-2738,경기도 남양주시 수동면 내방리 368-5,4
26,남양주축협한우명가,1343,031-511-8892,경기도 남양주시 화도읍 창현로 47-1,0
26,광릉돌솥밥,1344,031-527-3334,경기도 남양주시 진접읍 금강로1845번길 1,0
26,(주)광릉불고기,1345,031-527-6631,경기도 남양주시 진접읍 광릉내로82번길 40-1,0
26,더 늘봄,1346,031-572-4447,경기도 남양주시 진접읍 금강로 1845,0
26,고센씨암탉,1347,031-576-0707,경기도 남양주시 와부읍 수레로640번길 70,0
27,애룡저수지,1348,031-950-3260,경기도 파주시 법원읍 애룡길 194,5
27,월롱산,1349,031-940-4612,경기도 파주시 월롱면 용상골길 403,5
27,학령산,1350,031-940-4612,경기도 파주시 앞골길 143-45,5
27,보현산,1351,031-940-4612,경기도 파주시 탄현면 헤이리로 381-2,5
27,고령산,1352,031-940-4612,경기도 파주시 광탄면 보광로 474번길 87,5
27,봉서산,1353,031-940-4612,경기도 파주시 파주읍 통일로 1586-24,5
27,박달산,1354,031-940-4612,경기도 파주시 광탄면 장지산로 200번길,5
27,심학산,1355,031-940-4612,경기도 파주시 교하로 493-2,5
27,초리골 등산로,1356,031-940-4631,경기도 파주시 법원읍 초리골길 236,5
27,교하동고인돌산림욕장,1357,031-940-4612,경기도 파주시 당하2길 176,5
27,명학산,1358,031-940-4612,경기도 파주시 파주읍 용지안길 137,5
27,설마계곡,1359,031-940-4612,경기도 파주시 적성면 설마천로 144,5
27,임꺽정굴,1360,031-940-4612,경기도 파주시 적성면 설마천로 감악산 임꺽정굴,5
27,출판단지 생태공원,1361,031-940-4631,경기도 파주시 회동길 145,5
27,임진강 폭포어장,1362,031-959-2222,경기도 파주시 파평면 청송로 550,5
27,퍼스트가든,1363,031-957-6861,경기도 파주시 탑삭골길 260,5
27,마장호수출렁다리,1364,031-943-3928,경기도 파주시 광탄면 기산로 365,5
27,파주 벽초지수목원,1365,031-957-2004,경기도 파주시 광탄면 부흥로 242,5
27,파주 벽초지수목원,1366,031-957-2004,경기도 파주시 광탄면 부흥로 242,5
27,파주 벽초지수목원,1367,031-957-2004,경기도 파주시 광탄면 부흥로 242,5
27,발랑저수지,1368,031-950-3260,경기도 파주시 광탄면 부흥로 596,5
27,마장호수,1369,031-940-5761,경기도 파주시 광탄면 기산로 365,5
27,파평용연,1370,031-940-4354,경기도 파주시 파평면 청송로 300,5
27,공릉저수지,1371,,경기도 파주시 조리읍 장곡리 353,5
27,삼봉산,1372,031-940-4612,경기도 파주시 법원읍 초리골길 278,5
27,파평산,1373,031-940-4612,경기도 파주시 파평면 청송로 610번길 11,5
27,벽초지문화수목원,1374,031-957-2004,경기도 파주시 광탄면 부흥로 242,5
27,파주 벽초지수목원,1375,031-957-2004,경기도 파주시 광탄면 부흥로 242,5
27,파주 벽초지수목원,1376,031-957-2004,경기도 파주시 광탄면 부흥로 242,5
27,감악산,1377,031-940-4612,경기도 파주시 적성면 감골길 48,5
27,운계폭포,1378,031-940-4611,경기도 파주시 적성면 감골길 48,5
27,오두산 통일전망대,1379,031-956-9600,경기도 파주시 탄현면 필승로 369,1
27,프로방스마을,1380,031-946-6353,경기도 파주시 탄현면 새오리로 69,1
27,파주 프리미엄 아울렛,1381,031-1644-4001,경기도 파주시 탄현면 필승로 200,1
27,임진각 평화누리,1382,031-956-8300,경기도 파주시 문산읍 마정리 618-13,1
27,자운서원,1383,031-958-1749,경기도 파주시 법원읍 동문리 산 5-1,1
27,판문점,1384,,경기도 파주시 군내면 대성동길 184-11,1
27,파주출판도시,1385,031-955-5959,경기도 파주시 문발로 312,1
27,헤이리예술마을,1386,031-946-8551,경기도 파주시 탄현면 법흥리,1
27,헤이리예술마을,1387,031-946-8551,경기도 파주시 탄현면 헤이리마을 59-78,2
27,인스퀘어(라임트리),1388,031-957-0896,경기도 파주시 탄현면 헤이리마을길 21-6,2
27,프로방스,1389,031-946-6353,경기도 파주시 탄현면 새오리로 79-24,2
27,활판공방,1390,031-955-0084,경기도 파주시 문발로 203,2
27,엘비스프레스리기념관,1391,031-948-3385,경기도 파주시 광탄면 보광로920번길 30,2
27,20세기소년소녀관,1392,031-957-0636,경기도 파주시 탄현면 헤이리마을길 59-118,2
27,파주장단콩전시관,1393,031-940-4516,경기도 파주시 문산읍 임진각로 148-73,2
27,월당전시관,1394,031-945-9199,경기도 파주시 문산읍 반구정로 36-13,2
27,UV하우스(오래된정원),1395,031-944-1194,경기도 파주시 탄현면 헤이리마을길 29,2
27,경기영어마을파주캠프(레일바이크),1396,031-1588-0554,경기도 파주시 탄현면 얼음실로 40,2
27,탄탄스토리하우스갤러리,1397,031-942-6608,경기도 파주시 회동길 130,2
27,피노지움,1398,031-8035-6773,경기도 파주시 회동길 152,2
27,파주문화원,1399,031-941-2425,경기도 파주시 와석순환로 415 운정행복센터,2
27,파주시민회관,1400,031-950-1854,경기도 파주시 시민회관길 33,2
27,파주교육박물관,1401,031-954-2353,경기도 파주시 파주읍 우계로53번길 15,2
27,두루뫼박물관,1402,031-958-6101,경기도 파주시 법원읍 초리골길 278 두루뫼박물관,2
27,헤이리마을 어린이토이박물관,1403,031-945-8378,경기도 파주시 탄현면 헤이리마을길 93-127,2
27,도도헌,1404,031-949-8278,경기도 파주시 탄현면 헤이리마을길 59-118,2
27,고막원,1405,031-941-0340,경기도 파주시 탄현면 헤이리마을길 59-45,2
27,열화당갤러리로터스,1406,031-955-7020,경기도 파주시 광인사길 25,2
27,영집궁시박물관,1407,031-944-6800,경기도 파주시 탄현면 국원말길 168,2
27,자유로자동차극장,1408,080-945-0609,경기도 파주시 탄현면 필승로 432,2
27,교하청소년문화의집,1409,031-957-1115,경기도 파주시 책향기로 396,2
27,축구국가대표팀 트레이닝센터,1410,031-957-0555,경기도 파주시 탄현면 필승로 368,2
27,한향림옹기박물관,1411,070-4161-7275,경기도 파주시 탄현면 헤일리마을길 63,2
27,갤러리박영,1412,031-955-4071,경기도 파주시 회동길 37-9,2
27,예맥아트홀,1413,031-943-9435,경기도 파주시 탄현면 법흥리 1652-506,2
27,아고라(정치박물관),1414,031-957-5051,경기도 파주시 탄현면 헤이리마을길 76-47,2
27,재미있는 추억박물관,1415,031-943-2552,경기도 파주시 탄현면 헤이리마을길 93-148,2
27,한국근현대사박물관,1416,031-957-1125,경기도 파주시 헤이리마을길 59-85,2
27,화폐박물관,1417,031-949-6592,경기도 파주시 탄현면 헤이리마을길 93-89,2
27,갤러리 모자이크,1418,031-949-8946,경기도 파주시 탄현면 헤이리마을길 18-28,2
27,93뮤지엄가족미술관,1419,031-948-6677,경기도 파주시 탄현면 헤이리마을길 59-58,2
27,포네티브 스페이스,1420,031-949-8056,경기도 파주시 탄현면 헤이리마을길 34,2
27,갤러리MOA,1421,031-949-3272,경기도 파주시 탄현면 헤일리마을길 48-37,2
27,파주 헤이리 예술마을,1422,,경기도 파주시 탄현면 법흥리 헤이리마을,2
27,파주 헤이리 예술마을,1423,,경기도 파주시 탄현면 법흥리 헤이리마을,2
27,파주 헤이리 예술마을,1424,,경기도 파주시 탄현면 법흥리 헤이리마을,2
27,세계민속악기박물관,1425,031-946-9838,경기도 파주시 탄현면 헤이리마을길63-26,2
27,피노지움,1426,031-8035-6773,경기도 파주시 회동길 152,2
27,한림토이뮤지엄,1427,031-957-8470,경기도 파주시 탄현면 헤이리마을길 25,2
27,농경유물전시관,1428,031-940-4802,경기도 파주시 월롱면 통일로 600 파주농업기술센터,2
27,아시아출판문화정보센터,1429,031-955-0050,경기도 파주시 회동길 145,2
27,파주 헤이리 예술마을,1430,,경기도 파주시 탄현면 법흥리 헤이리마을,2
27,파주 헤이리 예술마을,1431,,경기도 파주시 탄현면 법흥리 헤이리마을,2
27,파주나비나라박물관,1432,031-955-3727,경기도 파주시 광인사길 161,2
27,뮤지엄카페타임캡슐,1433,031-949-9408,경기도 파주시 탄현면 헤이리마을길 59-63,2
27,파주 산머루농원,1434,,경기도 파주시 적성면 윗배우니길 441-25,6
27,파주 산머루농원,1435,,경기도 파주시 적성면 윗배우니길 441-25,6
27,파주 산머루농원,1436,,경기도 파주시 적성면 윗배우니길 441-25,6
27,파주 산머루농원,1437,,경기도 파주시 적성면 윗배우니길 441-25,6
27,영집궁시박물관,1438,031-944-6800,경기도 파주시 탄현면 국원말길 168,6
27,캠프그리브스 DMZ 체험관,1439,031-953-6978,경기도 파주시 문산읍 임진각로 177,6
27,경기미래교육 파주캠퍼스,1440,031-1588-0554,경기도 파주시 탄현면 얼음실로 40,6
27,오두산통일전망대,1441,031-956-9600,경기도 파주시 탄현면 필승로 369,6
27,우농타조마을,1442,031-942-6272,경기도 파주시 교하로 595-36,6
27,벽초지문화수목원체험장,1443,031-948-5787,경기도 파주시 광탄면 창만리 166-1,6
27,자운서원,1444,031-958-1749,경기도 파주시 자운서원로 204,6
27,헤이리예술마을,1445,031-946-8551,경기도 파주시 탄현면 헤이리마을길 82-105,6
27,아눔아트센터,1446,031-955-9449,경기도 파주시 문발로 435,6
27,볼거리나라,1447,031-945-9119,경기도 파주시 문산읍 반구정로 36-13,6
27,파주 산머루농원,1448,,경기도 파주시 적성면 윗배우니길 441-25,6
27,오두산통일전망대,1449,031-956-9600,경기도 파주시 탄현면 필승로 369,6
27,파주장단콩마을,1450,031-953-7600,경기도 파주시 군내면 통일촌길 64,6
27,파주평화통일체험학습장,1451,031-959-4215,경기도 파주시 적성면 달빛길 54,6
27,나라사랑DMZ병영체험장,1452,031-959-9477,경기도 파주시 적성면 감악산로 1377-12,6
27,파주치즈스쿨,1453,031-959-0773,경기도 파주시 적성면 윗배우니길 68,6
27,카트랜드,1454,031-944-1580,경기도 파주시 탄현면 필승로 398-30,6
27,DMZ해마루촌,1455,010-2417-5100,경기도 파주시 진동면 해마루길 111,6
27,모산목장,1456,031-946-8026,경기도 파주시 탄현면 검산로519번길 6-36,6
27,파주장단콩마을,1457,031-953-7600,경기도 파주시 군내면 통일촌길 64,6
27,이시대의좋은소리,1458,031-948-2072,경기도 파주시 광탄면 쇠장이길 21,6
27,쇠꼴마을,1459,031-959-0123,경기도 파주시 법원읍 금곡리 420-3,6
27,파주나비나라박물관,1460,031-955-3727,경기도 파주시 광인사길 161,6
27,임진각평화누리,1461,031-956-8300,경기도 파주시 문산읍 임진각로 148-40,6
27,임진각평화누리,1462,031-956-8300,경기도 파주시 문산읍 임진각로 148-40,6
27,도라전망대,1463,031-954-0303,경기도 파주시 장단면 제3땅굴로 310,6
27,파주산머루농원,1464,031-958-4558,경기도 파주시 적성면 윗배우니길 441-25,6
27,파주팜랜드,1465,031-942-1533,경기도 파주시 탄현면 새오리로 318-34,6
27,헤이리예술마을,1466,031-946-8551,경기도 파주시 탄현면 헤이리마을길 82-105,6
27,오두산 통일전망대,1467,031-945-3171,경기도 파주시 탄현면 필승로 369,7
27,오두산 통일전망대,1468,031-945-3171,경기도 파주시 탄현면 필승로 369,7
27,오두산 통일전망대,1469,031-945-3171,경기도 파주시 탄현면 필승로 369,7
27,오두산 통일전망대,1470,031-945-3171,경기도 파주시 탄현면 필승로 369,7
27,파주 제3땅굴,1471,031-940-8526,경기도 파주시 군내면 제3땅굴로 210-358,7
27,파주 제3땅굴,1472,031-940-8526,경기도 파주시 군내면 제3땅굴로 210-358,7
27,하니랜드,1473,031-945-2250,경기도 파주시 조리읍 장곡로 218,7
27,한립토이뮤지엄,1474,031-957-8470,경기도 파주시 탄현면 헤이리마을길 25,7
27,소울원(笑鬱園),1475,031-945-4261,경기도 파주시 탄현면 축현리 299-3,7
27,용암사,1476,031-940-5831,경기도 파주시 광탄면 혜음로 742-28,7
27,검단사,1477,031-940-5831,경기도 파주시 탄현면 필승로 292-33,7
27,보광사,1478,031-948-7700,경기도 파주시 광탄면 보광로474번길 87,7
27,가야랜드,1479,031-959-9100,경기도 파주시 법원읍 사임당로 674,7
27,경기평화센터,1480,031-952-2167,경기도 파주시 문산읍 임진각로 148-53,7
27,임진각관광지,1481,031-953-4744,경기도 파주시 문산읍 임진각로 148-53,7
27,도라산역,1482,031-953-3334,경기도 파주시 장단면 희망로 307,7
27,파주 영국군 설마리 전투비,1483,031-940-4398,경기도 파주시 적성면 마지리 산2-2,7
27,임진각 평화누리,1484,031-953-4744,경기도 파주시 문산읍 마정리 618-13,7
27,오두산통일전망대,1485,031-945-3171,경기도 파주시 탄현면 필승로 369,7
27,판문점,1486,,경기도 파주시 진서면 어룡리,7
27,임진각-내일의 기적소리,1487,031-956-8305,경기도 파주시 문산읍 마정리 1400-5일원,7
27,임진각 평화누리,1488,031-953-4744,경기도 파주시 문산읍 마정리 618-13,7
27,통일촌장단콩마을,1489,031-953-7600,경기도 파주시 군내면 통일촌길 64,7
27,도라산역,1490,031-953-3334,경기도 파주시 장단면 희망로 307,7
27,판문점,1491,,경기도 파주시 진서면 어룡리,7
27,DMZ생태연구소,1492,031-955-1550,경기도 파주시 광인사길 111,7
27,경의선장단역증기기관차,1493,031-953-4744,경기도 파주시 문산읍 임진각로 177,7
27,평화의종,1494,031-953-4744,경기도 파주시 문산읍 임진각로 148-53,7
27,통일공원,1495,031-940-4631,경기도 파주시 파주읍 통일로 1586-24,7
27,일산황토마루한증막,1496,031-943-0990,경기도 파주시 오도로130번길 37,7
27,하니랜드,1497,031-945-2250,경기도 파주시 조리읍 장곡로 218,7
27,용암사,1498,031-940-5831,경기도 파주시 광탄면 혜음로 742-28,7
27,용상사,1499,031-945-4489,경기도 파주시 월롱면 용상골길 403 월롱산용상사,7
27,검단사,1500,031-940-5831,경기도 파주시 탄현면 필승로 292-33,7
27,통일촌장단콩마을,1501,031-953-7600,경기도 파주시 군내면 통일촌길 64,7
27,임진각관광지,1502,031-953-4744,경기도 파주시 문산읍 임진각로 148-53,7
27,자유의다리,1503,031-940-4354,경기도 파주시 문산읍 마정리 1297-16,7
27,한미해병참전비,1504,031-940-4391,경기도 파주시 조리읍 장곡리 산 75-1,7
27,오두산통일전망대,1505,031-945-3171,경기도 파주시 탄현면 필승로 369,7
27,해마루촌,1506,010-5347-8963,경기도 파주시 진동면 해마루길 111,7
27,도라전망대,1507,031-954-0303,경기도 파주시 장단면 제3땅굴로 310,7
27,경기평화센터,1508,031-952-2167,경기도 파주시 문산읍 임진각로 148-53,7
27,도라산평화공원,1509,031-953-4854,경기도 파주시 장단면 제3땅굴로 310,7
27,제3땅굴,1510,031-954-0303,경기도 파주시 군내면 제3땅굴로 210-358,7
27,숯굽는마을,1511,031-941-2356,경기도 파주시 광탄면 부흥로519번길 46-76,7
27,가야랜드,1512,031-959-9100,경기도 파주시 법원읍 사임당로 674,7
27,청도훼미리랜드,1513,031-953-6600,경기도 파주시 문산읍 문산역로 107,7
27,한립토이뮤지엄,1514,031-957-8470,경기도 파주시 탄현면 헤이리마을길 25,7
27,평화랜드,1515,031-953-4448,경기도 파주시 문산읍 임진각로 148-33,7
27,헤이리딸기가좋아,1516,031-949-9273,경기도 파주시 탄현면 헤이리마을길 93-75,7
27,소울원(笑鬱園),1517,031-945-4261,경기도 파주시 탄현면 축현리 299-3,7
27,오두산 통일전망대,1518,031-945-3171,경기도 파주시 탄현면 필승로 369,7
27,보광사,1519,031-948-7700,경기도 파주시 광탄면 보광로474번길 87,7
27,파주 제3땅굴,1520,031-940-8526,경기도 파주시 군내면 제3땅굴로 210-358,7
27,파주 제3땅굴,1521,031-940-8526,경기도 파주시 군내면 제3땅굴로 210-358,7
27,파주 제3땅굴,1522,031-940-8526,경기도 파주시 군내면 제3땅굴로 210-358,7
27,임진각-내일의 기적소리,1523,031-956-8305,경기도 파주시 문산읍 마정리 1400-5일원,7
27,헤이리딸기가좋아,1524,031-949-9273,경기도 파주시 탄현면 헤이리마을길 93-75,7
27,숯굽는마을,1525,031-941-2356,경기도 파주시 광탄면 부흥로519번길 46-76,7
27,용상사,1526,031-945-4489,경기도 파주시 월롱면 용상골길 403,7
27,일산황토마루한증막,1527,031-943-0990,경기도 파주시 오도로130번길 37,7
27,도라산평화공원,1528,031-953-4854,경기도 파주시 장단면 제3땅굴로 310,7
27,청도훼미리랜드,1529,031-953-6600,경기도 파주시 문산읍 문산역로 107,7
27,제3땅굴,1530,031-954-0303,경기도 파주시 군내면 제3땅굴로 210-358,7
27,해마루촌,1531,010-5347-8963,경기도 파주시 진동면 해마루길 111,7
27,DMZ생태연구소,1532,031-955-1550,경기도 파주시 광인사길 111,7
27,호수캠핑장,1533,031-942-7718,경기도 파주시 광탄면 기산리 387-11,4
27,학교안 풍경캠핑장,1534,,경기도 파주시 법원읍 웅담리 43-1,4
27,파주힐링캠프,1535,031-942-7719,경기도 파주시 광탄면 보광로 877,4
27,밤골캠핑장,1536,010-5343-8155,경기도 파주시 파평면 장승배기로268번길 141,4
27,박석 캠핑장,1537,,경기도 파주시 탄현면 낙하리 252,4
27,명학산 캠핑장,1538,,경기도 파주시 파주읍 향양리 4-1 명학산 캠프(캠핑장),4
27,느티나무그늘아래 캠핑장,1539,,경기도 파주시 문산읍 사목리 산87-2,4
27,공릉관광지 캠핑장,1540,,경기도 파주시 조리읍 장곡로 218 420-7,4
27,캠프 예그리나,1541,010-3160-1973,경기도 파주시 광탄면 쇠장이길 56,4
27,청풍명월 캠핑장,1542,031-947-1021,경기도 파주시 탄현면 문지리 264-2,4
27,하마캠핑장,1543,010-6225-8264,경기도 파주시 적성면 국사로 297,4
27,임진강리조트,1544,031-959-1318,경기도 파주시 파평면 청송로 550,4
27,비학농원캠프장,1545,010-9581-1160,경기도 파주시 법웝읍 만월로 613번길 217,4
27,캠프예그리나,1546,010-3160-1973,경기도 파주시 광탄면 쇠장이길 56,4
27,하늘연캠핑장,1547,010-4590-1051,경기도 파주시 적성면 마지초교길 22-61,4
27,임진강리조트,1548,031-959-1318,경기도 파주시 파평면 청송로550,4
27,율곡 캠핑장,1549,010-5353-8989,경기도 파주시 파평면 장승배기로 390-217,4
27,명학산 캠핑장,1550,010-5062-1911,경기도 파주시 파주읍 향양리 4-1 명학산 캠프(캠핑장),4
27,파주스피드파크,1551,031-959-0420,경기도 파주시 파평면 덕천리 261-1,4
27,임진각 평화누리 캠핑장,1552,031-1670-3856,경기도 파주시 문산읍 임진각로 148-40,4
27,임진각 아트스페이스 BEAT 131,1553,070-4405-3323,경기도 파주시 문산읍 마정리 1400-5,4
27,자유의 다리,1554,031-940-4354,경기도 파주시 문산읍 마정리 1297-16,4
27,임진각 장단역 증기기관차,1555,031-953-4744,경기도 파주시 문산읍 마정리 1400-5,4
27,임진각 평화누리공원,1556,031-956-8300,경기도 파주시 문산읍 마정리 618-13,4
27,기산 오토캠핑&한옥펜션,1557,031-957-8010,경기도 파주시 광탄면 기산로 207-31,4
27,반디캠프,1558,031-941-2121,경기도 파주시 광탄면 기산리 470-2,4
27,JB 캠핑하우스,1559,,경기도 파주시 적성면 감악산로 1270-54 JB 캠핑하우스,4
27,심학산야영장 글램핑가든,1560,010-3412-8023,경기도 파주시 돌곶이길 57,4
27,별난독서 캠핑장,1561,031-959-9506,경기도 파주시 법원읍 술이홀로 1315,4
27,하늘연캠핑장,1562,010-4590-1051,경기도 파주시 적성면 마지초교길 22-61,4
27,임진강 폭포어장캠핑장,1563,031-959-2222,경기도 파주시 파평면 청송로 550,4
27,은사시캠핑장,1564,010-5031-4995,경기도 파주시 적성면 자장로 115,4
27,기산 오토캠핑&한옥펜션,1565,031-957-8010,경기도 파주시 광탄면 기산로 207-31,4
27,동화힐링캠프,1566,031-952-2002,경기도 파주시 파평면 파평산로363번길 32-9,4
27,청풍명월 야영장,1567,031-947-1021,경기도 파주시 탄현면 문지리 264-2,4
27,헤이리 카트랜드,1568,031-944-1580,경기도 파주시 탄현면 필승로 398-30,4
27,임진강 독개다리,1569,070-4405-3323,경기도 파주시 문산읍 마정리 1400-5,4
27,귀한농부학교 캠핑장,1570,,경기도 파주시 법원읍 금곡리 422,4
27,초계탕,1571,031-958-5250,경기도 파주시 법원읍 초리골길 110,0
27,교하정,1572,031-942-7788,경기도 파주시 교하로 1290,0
27,오두산막국수,1573,031-941-5237,경기도 파주시 탄현면 성동로 17,0
27,문산밤나무골,1574,031-952-5240,경기도 파주시 파주읍 통일로 1604-144,0
27,유일곰탕,1575,031-944-3691,경기도 파주시 월롱면 다락고개길 119,0
27,오백년누룽지백숙,1576,031-8071-6500,경기도 파주시 탄현면 새오리로 94,0
28,양주자생수목원,1577,031-826-0933,경기도 양주시 장흥면 권율로309번길 167-35,3
28,신암저수지,1578,031-863-5882,경기도 양주시 남면 신암리,5
28,덕계저수지,1579,031-864-6536,경기도 양주시 덕계동 산7,5
28,오봉산,1580,,경기도 양주시 장흥면 일대,5
28,불곡산,1581,031-820-2646,경기도 양주시 유양동,5
28,천보산,1582,,경기도 양주시 광사동,5
28,송추계곡,1583,,경기도 양주시 장흥면 울대리,5
28,국립아세안자연휴양림,1584,031-871-2796,경기도 양주시 백석읍 기산로 472,5
28,나리농원,1585,031-8082-7225,경기도 양주시 광사로 131-66,5
28,장흥관광지,1586,031-828-9727,경기도 양주시 장흥면 권율로 193,5
28,가나아트파크,1587,031-877-0500,경기도 양주시 장흥면 권율로 117,5
28,장흥자생수목원,1588,031-826-0933,경기도 양주시 장흥면 권율로 309번길 167-35,5
28,신흥레저타운,1589,031-855-5029,경기도 양주시 장흥면 유원지로 406-9,5
28,송추유원지,1590,,경기도 양주시 장흥면 울대리,5
28,일영허브랜드,1591,031-871-4387,경기도 양주시 장흥면 일영로 346-26,5
28,허브힐,1592,031-866-7672,경기도 양주시 남면 양연로 305,5
28,기산유원지,1593,,경기도 양주시 백석읍 기산리 산90,5
28,일영유원지,1594,010-5442-6017,경기도 양주시 장흥면 일영리 산 17-1,5
28,가래비빙벽장,1595,,경기도 양주시 광적면 가납리 산5,5
28,장흥국민관광지,1596,031-856-9570,경기도 양주시 장흥면 권율로 193번지 일원,1
28,회암사지,1597,031-8082-4170,경기도 양주시 회암사길 11,1
28,가나아트파크,1598,031-877-0500,경기도 양주시 장흥면 권율로 117,2
28,양주문화예술회관,1599,031-828-9723,경기도 양주시 광적면 부흥로618번길 303,2
28,양주상여회닫이보존회,1600,031-879-6360,경기도 양주시 백석읍 중앙로 226-24,2
28,조명박물관,1601,070-7780-8911,경기도 양주시 광적면 광적로 235-48,2
28,아름다운돌박물관,1602,031-871-2233,경기도 양주시 백석읍 권율로 937,2
28,양주별산대놀이마당,1603,031-840-9986,경기도 양주시 부흥로1399번길 47,2
28,양주별산대놀이전수회관,1604,031-840-9986,경기도 양주시 부흥로1399번길 47,2
28,양주문화원,1605,031-836-6467,경기도 양주시 광적면 삼일로29번길 20,2
28,양주소놀이굿공연장,1606,031-879-5969,경기도 양주시 백석읍 중앙로93번길 70-21,2
28,양주시립장욱진미술관,1607,,경기도 양주시 장흥면 권율로 193,2
28,청암민속박물관,1608,031-855-5100,경기도 양주시 장흥면 권율로 83-5,2
28,가나아트파크,1609,031-877-0500,경기도 양주시 장흥면 권율로 117,6
28,조명박물관,1610,070-7780-8911,경기도 양주시 광적면 광적로 235-48,6
28,가나아트파크,1611,031-877-0500,경기도 양주시 장흥면 권율로 117,6
28,송암스페이스센터,1612,031-894-6000,경기도 양주시 장흥면 권율로 185번길 103,6
28,양주초록지기마을,1613,031-866-5366,경기도 양주시 남면 양연로 173번길 26,6
28,교육농장트로이목마,1614,031-856-2225,경기도 양주시 양주산성로 248-5,6
28,맹골마을,1615,031-867-6978,경기도 양주시 남면 휴암로 443번길 29-6,6
28,허브힐,1616,031-866-7672,경기도 양주시 남면 양연로 305,6
28,조명박물관,1617,070-7780-8911,경기도 양주시 광적면 광적로 235-48,6
28,송암스페이스센터,1618,031-894-6000,경기도 양주시 장흥면 권율로 185번길 103,6
28,청암민속박물관,1619,031-855-5100,경기도 양주시 장흥면 권율로 83-5,6
28,행원도예,1620,031-826-0421,경기도 양주시 장흥면 가마골로 80,6
28,맹골마을,1621,031-867-6978,경기도 양주시 남면 휴암로 443번길 29-6,6
28,송추유원지,1622,,경기도 양주시 장흥면 울대리,7
28,육지장사,1623,031-871-0101,경기도 양주시 백석읍 기산로471번길 190,7
28,백화암,1624,031-840-1582,경기도 양주시 백화암길 191,7
28,대승사,1625,031-855-5035,경기도 양주시 장흥면 권율로 420-4,7
28,석굴암,1626,031-826-3573,경기도 양주시 장흥면 석굴암길 519,7
28,송추유원지,1627,,경기도 양주시 장흥면 울대리,7
28,두리랜드,1628,031-855-8515,경기도 양주시 장흥면 권율로 120,7
28,대승사,1629,031-855-5035,경기도 양주시 장흥면 권율로 420-4,7
28,육지장사,1630,031-871-0101,경기도 양주시 백석읍 기산로471번길 190,7
28,백화암,1631,031-840-1582,경기도 양주시 백화암길 191,7
28,육지장사,1632,031-871-0101,경기도 양주시 백석읍 기산로471번길 190,7
28,두리랜드,1633,031-855-8515,경기도 양주시 장흥면 권율로 120,7
28,석굴암,1634,031-826-3573,경기도 양주시 장흥면 석굴암길 519,7
28,선녀와나무꾼,1635,010-4138-9734,경기도 양주시 덕계동 평화로1501번길 90,4
28,양주송천캠핑장,1636,010-9090-9005,경기도 양주시 백석읍 기산리 382-3번지,4
28,양주산막골캠핑장,1637,031-871-0058,경기도 양주시 백석읍 기산로 414-20,4
28,양주미술관옆 캠핑장,1638,031-828-9881,경기도 양주시 장흥면 석현리 394,4
28,양주 감악산 캠핑장,1639,,경기도 양주시 남면 감악산로 632-32,4
28,캠프리카캠핑장,1640,010-9633-5744,경기도 양주시 백석읍 기산로440번길 127,4
28,일영무두리캠핑장,1641,031-855-6102,경기도 양주시 장흥면 유원지로 176-77,4
28,전원일기마을캠핑장,1642,031-871-9253,경기도 양주시 장흥면 삼하리 210-2,4
28,양주감악산캠핑장,1643,010-3460-4749,경기도 양주시 남면 감악산로 632-32,4
28,양주산막골캠핑장,1644,031-871-0058,경기도 양주시 백석읍 기산로 414-20,4
28,안태울캠핑장,1645,031-871-1388,경기도 양주시 광적면 화합로81번길 375-66,4
28,비타민 캠핑장,1646,031-876-3377,경기도 양주시 백석읍 기산로440번길 110-43,4
28,범산골캠핑장,1647,,경기도 양주시 광적면 비암리 757-10,4
28,휴리조트,1648,031-845-1111,경기도 양주시 만송로366번길 215-29,4
28,일영모자농원캠핑장,1649,031-855-5081,경기도 양주시 장흥면 유원지로 316,4
28,장흥수목원 캠핑장,1650,031-855-1053,경기도 양주시 장흥면 권율로309번길 169,4
28,비타민 캠핑장,1651,031-871-3388,경기도 양주시 백석읍 기산로440번길 110-43 비타민 캠핑장,4
28,글램핑코리아 애견캠핑장,1652,02-546-5522,경기도 양주시 백석읍 권율로 848,4
28,미술관 옆 캠핑장,1653,031-828-9881,경기도 양주시 장흥면 석현리 394,4
28,대궐오토캠핑장,1654,031-871-8989,경기도 양주시 백석읍 기산로440번길 177,4
28,기산골캠핑장,1655,031-876-0766,경기도 양주시 백석읍 기산로 413,4
28,장흥수목원 캠핑장,1656,031-855-1053,경기도 양주시 장흥면 권율로309번길 169,4
28,대궐오토캠핑장,1657,031-871-8989,경기도 양주시 백석읍 기산로440번길 177,4
28,안태울영농조합법인,1658,031-871-1388,경기도 양주시 광적면 화합로81번길 375-66,4
28,글램핑코리아 애견캠핑장,1659,02-546-5522,경기도 양주시 백석읍 권율로 848 글램핑코리아 애견캠핑장,4
28,교외선,1660,031-855-4336,경기도 양주시 장흥면 일영로 545-14,0
28,산하식당,1661,031-871-9369,경기도 양주시 백석읍 기산로 410,0
28,송추가마골,1662,031-826-3333,경기도 양주시 장흥면 호국로527번길 11-10,0
28,황우촌,1663,031-826-6692,경기도 양주시 백석읍 호명로 103-92,0
29,국립수목원,1664,031-540-2000,경기도 포천시 소흘읍 광릉수목원로 415,3
29,평강식물원,1665,031-531-7751,경기도 포천시 영북면 우물목길 171-18,3
29,산정호수,1666,031-532-6135,경기도 포천시 영북면 산정호수로411번길 89,5
29,포천 화적연,1667,031-538-2106,경기도 포천시 영북면 자일리 산115-2,5
29,고모리저수지,1668,031-538-4102,경기도 포천시 소흘읍 죽엽산로 452,5
29,명성산,1669,031-538-3342,경기도 포천시 영북면 명성산,5
29,운악산,1670,,경기도 포천시 화현면,5
29,청계산,1671,02-3677-2343,경기도 포천시 일동면 기산리,5
29,비둘기낭폭포,1672,031-538-2312,경기도 포천시 영북면 대회산리 415-2,5
29,지장산계곡,1673,031-538-4652,경기도 포천시 관인면 중리 산251-1,5
29,한탄강대교천현무암협곡,1674,031-538-3129,경기도 포천시 관인면 냉정리 1101,5
29,선유담계곡,1675,031-538-3363,경기도 포천시 이동면 포화로 123,5
29,직두리부부송,1676,031-538-2106,경기도 포천시 청군로2985번길 180,5
29,한탄강주상절리둘레길,1677,031-538-2312,경기도 포천시 영북면 소회산길 366,5
29,산정호수둘레길,1678,031-532-6135,경기도 포천시 영북면 산정호수로411번길 5,5
29,포천 허브아일랜드,1679,,경기도 포천시 신북면 청신로947번길 35,5
29,포천 허브아일랜드,1680,,경기도 포천시 신북면 청신로947번길 35,5
29,청계호수,1681,031-832-2181,경기도 포천시 일동면 운악청계로1480번길 45,5
29,한탄강,1682,031-538-4652,경기도 포천시 영북면 자일리 산 115-2,5
29,평강랜드,1683,031-532-1779,경기도 포천시 영북면 우물목길 171-18,5
29,수원산,1684,031-538-3341,경기도 포천시 군내면 청군로2985번길 18,5
29,주금산,1685,031-538-2340,경기도 포천시 내촌면 능곡청정길 50,5
29,백운산,1686,031-538-3341,경기도 포천시 이동면 포화로 236-73,5
29,왕방산,1687,031-533-3341,경기도 포천시 신북면 심곡리 784,5
29,국망봉,1688,031-538-3341,경기도 포천시 이동면 장암리 74,5
29,깊이울유원지캠핑장,1689,010-3254-5155,경기도 포천시 신북면 깊이울로 71,5
29,국망봉자연휴양림,1690,031-532-0014,경기도 포천시 이동면 늠바위길 207-28,5
29,운악산 자연휴양림,1691,031-534-6330,경기도 포천시 화현면 화동로 184,5
29,아우라지베개용암,1692,,경기도 포천시 창수면 신흥리 산209-1,5
29,포천 허브아일랜드,1693,,경기도 포천시 신북면 청신로947번길 35,5
29,포천 허브아일랜드,1694,,경기도 포천시 신북면 청신로947번길 35,5
29,포천 허브아일랜드,1695,,경기도 포천시 신북면 청신로947번길 35,5
29,국립수목원,1696,031-540-2000,경기도 포천시 소흘읍 광릉수목원로 415,5
29,허브아일랜드,1697,031-535-6494,경기도 포천시 신북면 청신로 947번길 35,5
29,풍혈산유원지,1698,031-538-4450,경기도 포천시 영중면 성동리 37-1,5
29,천보산 자연휴양림,1699,031-544-6678,경기도 포천시 원동교길 303,5
29,무지개폭포,1700,,경기도 포천시 화현면 화현리,5
29,백운계곡,1701,031-538-3028,경기도 포천시 이동면 포화로 236-24,5
29,포천아트밸리,1702,031-538-3483,경기도 포천시 신북면 아트밸리로 234,5
29,프로방스빌리지(전 광릉분재예술공원),1703,02-6956-6936,경기도 포천시 소흘읍 죽엽산로631번길 48,5
29,산정호수,1704,031-532-6135,경기도 포천시 영북면 산정호수로411번길 89,1
29,포천아트밸리,1705,031-538-3485,경기도 포천시 신북면 아트밸리로 234,1
29,허브아일랜드,1706,031-535-6494,경기도 포천시 신북면 청신로947번길 35,1
29,국립수목원 (광릉수목원),1707,031-540-2000,경기도 포천시 소흘읍 광릉수목원로 415 국립수목원,1
29,명성산,1708,031-538-3342,경기도 포천시 영북면 산정리 372,1
29,전통 술 박물관 산사원,1709,031-531-9300,경기도 포천시 화현면 화현리 512번지,1
29,한과문화박물관 한가원,1710,031-533-8121,경기도 포천시 영북면 산정호수로322번길 26-9,2
29,국립수목원 산림박물관,1711,031-540-2000,경기도 포천시 소흘읍 광릉수목원로 415,2
29,포천반월아트홀,1712,031-540-6213,경기도 포천시 군내면 청성로 111,2
29,포천 아트밸리,1713,031-538-3485,경기도 포천시 신북면 아트밸리로 234,2
29,포천문화원,1714,031-532-5015,경기도 포천시 중앙로 34번길 8,2
29,포천한탄강하늘다리,1715,031-538-3124,경기도 포천시 영북면 비둘기낭길 207,2
29,전통술박물관 산사원,1716,031-531-9300,경기도 포천시 화현면 화동로432번길 25,2
29,아프리카문화원,1717,031-543-3600,경기도 포천시 소홀읍 광릉수목원로 967,2
29,한탄강지질공원센터,1718,031-538-3030,경기도 포천시 영북면 비둘기낭길 55,2
29,포천 어메이징파크,1719,031-532-1881,경기도 포천시 신북면 탑신로 860,6
29,축석자연농원,1720,031-853-8444,경기도 포천시 소흘읍 이동교리 수목원로 1108,6
29,포천아트밸리 천문과학관,1721,031-538-3488,경기도 포천시 신북면 아트밸리로 234,6
29,낙농체험 밀크스쿨 아트팜,1722,031-536-5216,경기도 포천시 영북면 소회산리 119-3,6
29,교동장독대마을,1723,031-534-5211,경기도 포천시 관인면 신교동로 148-11,6
29,허브아일랜드,1724,031-535-6494,경기도 포천시 신북면 청신로947번길 35,6
29,비둘기낭마을,1725,031-536-9668,경기도 포천시 영북면 비둘기낭길 25,6
29,타일랜드군참전기념비,1726,031-538-2034,경기도 포천시 영북면 문암리 산24-2번지,7
29,타일랜드군참전기념비,1727,031-538-2034,경기도 포천시 영북면 문암리 산24-2번지,7
29,일동용암천,1728,031-536-4600,경기도 포천시 일동면 수입로 46,7
29,일동제일유황온천,1729,031-536-6000,경기도 포천시 일동면 화동로 1210,7
29,흥룡사,1730,031-535-7363,경기도 포천시 이동면 포화로 236-73,7
29,포천 아트밸리?,1731,,경기도 포천시 신북면 아트밸리로 234,7
29,포천 아트밸리,1732,,경기도 포천시 신북면 아트밸리로 234,7
29,포천 아트밸리,1733,,경기도 포천시 신북면 아트밸리로 234,7
29,포천 아트밸리,1734,,경기도 포천시 신북면 아트밸리로 234,7
29,자인사,1735,031-532-6141,경기도 포천시 영북면 산정호수로 808,7
29,신북리조트 스프링폴,1736,031-536-5025,경기도 포천시 신북면 청신로 571,7
29,원통사,1737,031-536-3818,경기도 포천시 일동면 화동로 738-1,7
29,왕산사,1738,031-533-3245,경기도 포천시 호병골길 193,7
29,포천 아트밸리,1739,,경기도 포천시 신북면 아트밸리로 234,7
29,운악레저타운,1740,010-8866-0261,경기도 포천시 화현면 화동로432번길 26,4
29,포천우리캠핑장,1741,031-535-7614,경기도 포천시 이동면 금강로 6280,4
29,파인벨리펜션&글램핑,1742,010-8538-8233,경기도 포천시 화현면 명덕리 193-4,4
29,송가네 오가리캠핑장,1743,010-6048-2081,경기도 포천시 창수면 전영로 1023번길 115,4
29,한탄강 화적연캠핑장,1744,031-531-0575,경기도 포천시 관인면 뗏마루길 43-116,4
29,키즈글램핑GEO,1745,010-9921-1156,경기도 포천시 이동면 금강로 6561,4
29,깊이울 달빛 캠핑장,1746,010-2436-6512,경기도 포천시 신북면 심곡리 734-2,4
29,포천자연마을 서울캠핑장,1747,,경기도 포천시 관인면 사정리 136-1 (구) 사정분교,4
29,도리돌 캠핑장,1748,031-536-9003,경기도 포천시 이동면 도평리 110-5,4
29,닥박골 휴양림,1749,010-5379-3811,경기도 포천시 신북면 깊이울로1길 48-17,4
29,아이에프에이 캠프운악,1750,010-2923-8141,경기도 포천시 화현면 금강로 3806-80,4
29,깊이울달빛캠핑장,1751,010-2436-6512,경기도 포천시 신북면 심곡리 734-2,4
29,국망봉자연휴양림,1752,031-532-0014,경기도 포천시 이동면 늠바위길 207-28,4
29,이야기오토캠핑,1753,010-5694-7994,경기도 포천시 소흘읍 직동리 75-1,4
29,캠핑라운지,1754,010-4761-1145,경기도 포천시 이동면 성장로1289번길 155-76,4
29,캠프오후4시,1755,010-8945-8306,경기도 포천시 군내면 청군로2864번길 22,4
29,포천준글램핑,1756,031-533-5966,경기도 포천시 이동면 금강로 6217-16,4
29,산마루글램핑&오토캠핑장,1757,010-5248-7059,경기도 포천시 이동면 금강로 6584-20,4
29,위크온 글램핑,1758,010-9850-3433,경기도 포천시 이동면 늠바위길 201-3,4
29,달빛글램핑,1759,010-9030-3294,경기도 포천시 일동면 사기막길 67-6,4
29,아버지의숲 산정캠프,1760,010-5272-9141,경기도 포천시 영북면 산정호수로 558-1,4
29,파피루스 캠핑장,1761,010-3357-4500,경기도 포천시 영중면 성동리 75,4
29,비둘기낭캠핑장,1762,031-540-6501,경기도 포천시 영북면 비둘기낭길 116,4
29,명성산글램핑,1763,031-536-4066,경기도 포천시 영북면 산정호수로 1017,4
29,천보산자연휴양림오토캠핑장,1764,031-544-6678,경기도 포천시 원동교길 303,4
29,자일랜드 글램핑펜션,1765,070-7760-0393,경기도 포천시 영북면 호국로4350번길 154-187,4
29,깊이울 캠핑장,1766,,경기도 포천시 신북면 깊이울로 141,4
29,353캠핑,1767,031-535-2250,경기도 포천시 영북면 산정호수로 1004,4
29,아침햇살수련원,1768,031-533-0573,경기도 포천시 관인면 찬우물길 201-47,4
29,소도캠핑장,1769,010-6338-6188,경기도 포천시 일동 무리울길 28-28,4
29,광릉숲이야기 관광농원/캠핑장,1770,010-5694-7994,경기도 포천시 소흘읍 직동리 76-4,4
29,백운힐링 캠핑장,1771,,경기도 포천시 이동면 포화로 320-1,4
29,가래골농원 캠핑장,1772,010-9031-7410,경기도 포천시 창수면 추동리 819-2,4
29,글램핑클럽레스피아 in 포천백운계곡(구 HJ글램핑),1773,010-2916-3456,경기도 포천시 이동면 화동로 2440-34,4
29,나무새 캠핑장,1774,010-9907-0997,경기도 포천시 신북면 간자동길 138-74,4
29,담터오지 캠핑장,1775,033-455-7064,경기도 포천시 관인면 삼율리 산341,4
29,유식물원 오토캠핑장,1776,031-536-9922,경기도 포천시 신북면 간자동길 138-100,4
29,산정호수 가족글램핑장,1777,010-3024-6222,경기도 포천시 영북면 산정호수로411번길 13,4
29,포천 썬오브캠핑장,1778,031-542-5420,경기도 포천시 이동면 금강로6263번길 14,4
29,포천 자연마을 서울캠핑장,1779,031-533-9535,경기도 포천시 관인면 북원로 371-115,4
29,포천 이동 생태공원 캠핑장,1780,031-533-5898,경기도 포천시 이동면 성장로1289번길 76,4
29,몬테비얀코캠핑장,1781,010-2102-7993,경기도 포천시 이동면 늠바위길 181,4
29,풍혈산 캠핑장,1782,010-2129-5115,경기도 포천시 일동면 성장로 397,4
29,비둘기낭캠핑장,1783,031-540-6501,경기도 포천시 영북면 비둘기낭길 116,4
29,금동산야 캠핑장,1784,010-9193-6972,경기도 포천시 신북면 금동리 277-4,4
29,청담관광농원 (캠핑플래닛),1785,010-2398-5651,경기도 포천시 화현면 봉화로 400-134,4
29,준글램핑,1786,031-533-5966,경기도 포천시 이동면 금강로 6217-16,4
29,도마치캠핑장,1787,010-2900-6101,경기도 포천시 이동면 화동로 2318-6,4
29,낭만가족 캠핑장,1788,031-536-8610,경기도 포천시 신북면 지동길 205,4
29,꿈에그린 캠핑장,1789,010-5367-8584,경기도 포천시 이동면 화동로1870번길 31,4
29,광릉솔개캠핑장,1790,031-544-1260,경기도 포천시 소흘읍 광릉수목원로779번길 120,4
29,계곡과소나무 오토캠핑장,1791,010-4842-2689,경기도 포천시 일동면 무리울길 283 계곡과소나무 오토캠핑장,4
29,명지원,1792,031-536-9919,경기도 포천시 일동면 화동로 1258,0
29,참나무쟁이,1793,031-531-7970,경기도 포천시 내촌면 금강로 2458,0
29,동이손만두,1794,031-541-6870,경기도 포천시 소흘읍 광릉수목원로 700-5,0
29,상황버섯향촌,1795,031-535-0005,경기도 포천시 군내면 포천로 1540,0
29,허브아일랜드 아테네홀,1796,031-353-1174,경기도 포천시 신북면 청신로947번길 35,0
29,대대손손묵집,1797,031-542-6898,경기도 포천시 소흘읍 죽엽산로447번길 11-3,0
29,무봉리토종순대국(본점),1798,031-542-4464,경기도 포천시 소흘읍 호국로 475,0
29,대복 복전문점,1799,031-535-0303,경기도 포천시 호국로964번길 12,0
29,부용원,1800,031-542-1981,경기도 포천시 소흘읍 죽엽산로 452,0
30,임진강,1801,031-839-2061,경기도 연천군 미산면 동이리,5
30,한탄강관광지,1802,031-833-0030,경기도 연천군 전곡읍 선사로76,5
30,고대산,1803,031-839-2061,경기도 연천군 신서면 평화로 3282-108,5
30,동막계곡,1804,031-834-2061,경기도 연천군 연천읍 동막리 162-1,5
30,연천평화누리길,1805,031-839-2061,경기도 연천군 장남면,5
30,백학저수지,1806,031-835-5470,경기도 연천군 백학면 저수지길 21,5
30,허브빌리지,1807,031-833-5100,경기도 연천군 왕징면 북삼리 222,5
30,동막골유원지,1808,031-839-2061,경기도 연천군 연천읍 동막리 635,5
30,열두개울유원지,1809,031-839-2901,경기도 연천군 청산면 초성리,5
30,재인폭포,1810,031-839-2289,경기도 연천군 연천읍 부곡리,5
30,열두개울,1811,031-839-2061,경기도 연천군 청산면 청신로 345,5
30,전곡선사박물관,1812,031-830-5600,경기도 연천군 전곡읍 평화로 443번길 2,1
30,한탄강 오토캠핑장,1813,031-833-0030,경기도 연천군 전곡읍 선사로 76,1
30,허브빌리지,1814,031-833-5100,경기도 연천군 왕징면 북삼로 20번길 37,1
30,연천수레울아트홀,1815,031-834-3770,경기도 연천군 연천읍 문화로 150,2
30,석장리미술관,1816,031-835-2859,경기도 연천군 백학면 백왕로225번길 240,2
30,연천문화원,1817,031-834-2350,경기도 연천군 연천읍 문화로 143,2
30,연천고랑포구역사공원,1818,031-835-2002,경기도 연천군 장남면 장남로 270,2
30,애심목장,1819,031-834-3601,경기도 연천군 연천읍 와초길 10-36,6
30,나룻배마을,1820,031-833-5005,경기도 연천군 왕징면 북삼로 98,6
30,선사체험마을,1821,031-839-2206,경기도 연천군 전곡읍 양연로 1510,6
30,드라마미술전시장(3월오픈예정),1822,031-834-7310,경기도 연천군 군남면 옥계안길 24-41,6
30,연천푸르내마을,1823,031-833-5299,경기도 연천군 청산면 청연로 30-62,6
30,임진강 평화습지원,1824,031-839-2114,경기도 연천군 중면 횡산리 186,7
30,태풍전망대,1825,031-839-2063,경기도 연천군 중면 횡산리,7
30,연천무장공비침투로,1826,031-839-2063,경기도 연천군 장남면 반정리 294,7
30,열쇠전망대,1827,031-839-2063,경기도 연천군 신서면 동내로 1375-1,7
30,신탄리역 경원선,1828,031-1544-7788,경기도 연천군 신서면 고대산길 4,7
30,열쇠전망대,1829,031-839-2063,경기도 연천군 신서면 동내로 1375-1,7
30,신탄리역 경원선,1830,031-1544-7788,경기도 연천군 신서면 고대산길 4,7
30,임진강 평화습지원,1831,031-839-2114,경기도 연천군 중면 횡산리 186,7
30,1.21무장공비침투로,1832,031-839-2063,경기도 연천군 장남면 반정리 294,7
30,석장리미술관 카라반,1833,,경기도 연천군 백왕로225번길 240-1,4
30,MG펜션(연천수영장캠핑장),1834,,경기도 연천군 신서면 대광리 165-3,4
30,서정온천오토캠핑장,1835,031-835-0312,경기도 연천군 장남면 장백로330번길 137-28,4
30,인디캠프,1836,031-833-6900,경기도 연천군 전곡읍 양원로 108-37,4
30,조선왕가 로얄카바나,1837,031-834-8383,경기도 연천군 연천읍 현문로 339-10,4
30,사나래글램핑파크,1838,031-833-1107,경기도 연천군 왕징면 북삼리 209-2,4
30,알멕스랜드캠핑장,1839,010-5266-4017,경기도 연천군 왕징면 왕산로218번길 61,4
30,힐링카라반,1840,031-835-6000,경기도 연천군 장남면 장백로330번길 46-97,4
30,한탄강관광지 오토캠핑장,1841,031-833-0030,경기도 연천군 전곡읍 전곡리 640,4
30,물새롬랜드 오토캠핑장,1842,,경기도 연천군 미산면 우정리 임진물새롬랜드,4
30,로하스 캠핑장,1843,,경기도 연천군 중면 삼곶리 185,4
30,다솔관광농원,1844,,경기도 연천군 청정로918번길 123 다솔관광농원,4
30,관광농원 숲속의 보물나라,1845,,경기도 연천군 신서면 내산리 150-1,4
30,임진강글램핑,1846,031-835-3550,경기도 연천군 미산면 어삼로 391-79,4
30,한탄강오토캠핑장,1847,031-833-0030,경기도 연천군 전곡읍 선사로 76,4
30,한탕강소나무캠핑,1848,010-9511-9966,경기도 연천군 전곡읍 전곡리 58-8,4
30,평화강변수목캠핑장,1849,031-835-7394,경기도 연천군 미산면 어삼로 137-11,4
30,나린오토캠핑장,1850,010-2955-6078,경기도 연천군 미산면 어삼로 391-81,4
30,힐링카라반,1851,031-835-6000,경기도 연천군 장남면 장백로330번길 46-97,4
30,YC글램핑,1852,010-5097-6446,경기도 연천군 미산면 백석리 산 68-1,4
30,연천재인폭포오토캠핑장,1853,031-834-7271,경기도 연천군 연천읍 현문로 508번길 140,4
30,캠핑브릿지,1854,010-9391-2360,경기도 연천군 장남면 술이홀로63번길41-17,4
30,물꽃 캠핑장,1855,010-3627-2781,경기도 연천군 군남면 청정로 2122 물꽃 캠핑장,4
30,연천수영장펜션,1856,010-8641-5181,경기도 연천군 신서면 연신로 1622-1,4
30,연천 미라클타운,1857,031-834-7271,경기도 연천군 군남면 군중로 134,4
30,랩도그빌반려견전용캠핑장,1858,031-832-0506,경기도 연천군 청산면 청창로200번길 33,4
30,땅에미소 오토캠핑장,1859,031-833-3217,경기도 연천군 청산면 거저울길 339 땅에미소 오토캠핑장,4
30,에브라임캠핑장,1860,010-2792-0167,경기도 연천군 신서면 연신로 866,4
30,숲속의 쉼터,1861,010-8799-4907,경기도 연천군 전곡읍 양원로268번길 85,4
30,고대산캠핑리조트,1862,031-932-8188,경기도 연천군 신서면 고대산길 84-12,4
30,대교여울목,1863,031-835-2528,경기도 연천군 백학면 청정로46번길 25,0
31,아침고요원예수목원,1864,031-1544-6703,경기도 가평군 상면 수목원로 432,3
31,잣향기푸른숲,1865,031-8008-6769,경기도 가평군 상면 축령로 289-146,5
31,운악산,1866,,경기도 가평군 조종면,5
31,명지산,1867,031-582-0103,경기도 가평군 북면 도대리,5
31,유명산,1868,031-589-5487,경기도 가평군 설악면 유명산길 79-53,5
31,잣향기푸른숲,1869,031-8008-6769,경기도 가평군 상면 축령로 289-146,5
31,아침고요수목원,1870,031-1544-6703,경기도 가평군 상면 수목원로 432,5
31,호명산,1871,031-580-2481,경기도 가평군 청평면 호명리,5
31,통방산,1872,031-580-2482,경기도 가평군 설악면 천안리 545,5
31,축령산,1873,031-592-0681,경기도 가평군 상면,5
31,귀목봉,1874,031-580-2114,경기도 가평군 북면 적목리,5
31,가평용추계곡,1875,031-582-9068,경기도 가평군 가평읍 용추로 508-7,5
31,무주채폭포,1876,031-582-8830,경기도 가평군 북면 적목리 산1-1,5
31,용소폭포,1877,031-582-8830,경기도 가평군 북면 적목리 산4,5
31,가평용추폭포,1878,031-582-0088,경기도 가평군 가평읍 승안리,5
31,어비계곡,1879,031-580-2114,경기도 가평군 설악면 가일리,5
31,익근리계곡,1880,,경기도 가평군 북면 도대리 708,5
31,수락폭포,1881,,경기도 가평군 가평읍 경반리,5
31,운악계곡,1882,,경기도 가평군 하면 운악청계로589번길,5
31,가평용추폭포,1883,031-582-0088,경기도 가평군 가평읍 승안리,5
31,장재울계곡,1884,,경기도 가평군 하면 상판리,5
31,귀목계곡,1885,,경기도 가평군 북면 제령리,5
31,복호동폭포,1886,,경기도 가평군 북면 적목리 640,5
31,무우폭포,1887,,경기도 가평군 하면 하판리,5
31,가평 아침고요수목원,1888,031-1544-6703,경기도 가평군 상면 수목원로 432,5
31,가평 아침고요수목원,1889,031-1544-6703,경기도 가평군 상면 수목원로 432,5
31,청평호,1890,031-582-0088,경기도 가평군 설악면 회곡리 454-3,5
31,화악산,1891,,경기도 가평군 북면 화악리,5
31,수덕산,1892,031-580-2481,경기도 가평군 북면 가화로 1434,5
31,대금산,1893,031-580-2482,경기도 가평군 가평읍 두밀리,5
31,계관산,1894,,경기도 가평군 가평읍 개곡리,5
31,석룡산,1895,042-481-4150,경기도 가평군 북면 가화로 2745-70,5
31,나인포레스트 이화원,1896,031-581-0228,경기도 가평군 가평읍 자라섬로 64,5
31,유명산자생식물원,1897,031-585-9643,경기도 가평군 설악면 유명산길 79-53,5
31,유명산자연휴양림,1898,031-589-5487,경기도 가평군 설악면 유명산길 79-53,5
31,청평자연휴양림,1899,031-584-0528,경기도 가평군 청평면 북한강로 2246번길 8-6,5
31,칼봉산자연휴양림,1900,031-8078-8062,경기도 가평군 가평읍 경반안로 454,5
31,아침고요가족동물원,1901,031-8078-7115,경기도 가평군 상면 임초밤안골로 301,5
31,가평 아침고요수목원,1902,031-1544-6703,경기도 가평군 상면 수목원로 432,5
31,가평 아침고요수목원,1903,031-1544-6703,경기도 가평군 상면 수목원로 432,5
31,가평 아침고요수목원,1904,031-1544-6703,경기도 가평군 상면 수목원로 432,5
31,대성리국민관광지,1905,031-580-2067,경기도 가평군 청평면 대성강변길 44,5
31,명지계곡,1906,,경기도 가평군 북면 적목리 산45,5
31,화야큰골,1907,,경기도 가평군 청평면 삼회리 202-3,5
31,임산계곡,1908,,경기도 가평군 북면 논남기길 520,5
31,백년폭포,1909,,경기도 가평군 하면 하판리,5
31,조무락계곡,1910,031-582-8830,경기도 가평군 북면 적목리 65,5
31,호명호수,1911,031-580-2062,경기도 가평군 청평명 호명리 5,5
31,캠프통아일랜드,1912,031-585-6000,경기도 가평군 청평면 호반로 976,1
31,유명산,1913,031-589-5487,경기도 가평군 설악면 유명산길 79-53,1
31,아침고요수목원,1914,031-1544-6703,경기도 가평군 상면 수목원로 432,1
31,쁘띠프랑스,1915,031-584-8200,경기도 가평군 청평면 호반로 1063,1
31,청평호,1916,031-582-0088,경기도 가평군 설악면 회곡리 454-3 (가평군 청평면 / 설악면),1
31,자라섬,1917,031-8078-8028,경기도 가평군 가평읍 달전리 1-1,1
31,인터랙티브아트뮤지엄,1918,070-8899-4251,경기도 가평군 가평읍 호반로 1655,2
31,가평문화예술회관,1919,031-8078-8076,경기도 가평군 가평읍 문화로 131,2
31,가일미술관,1920,031-584-4722,경기도 가평군 청평면 북한강로 1549,2
31,취옹예술관,1921,031-585-8649,경기도 가평군 상면 수목원로 300,2
31,가평문화원,1922,031-582-2016,경기도 가평군 가평읍 문화로 131,2
31,가평현암농경유물박물관,1923,031-581-0612,경기도 가평군 북면 석장모루길 13,2
31,남송미술관,1924,031-581-0772,경기도 가평군 북면 백둔로 322,2
31,노랑다리미술관,1925,031-585-8887,경기도 가평군 청평면 양진길 42-12,2
31,가평 쁘띠프랑스,1926,031-584-8200,경기도 가평군 청평면 호반로 1063,2
31,가평 쁘띠프랑스,1927,031-584-8200,경기도 가평군 청평면 호반로 1063,2
31,가평 쁘띠프랑스,1928,031-584-8200,경기도 가평군 청평면 호반로 1063,2
31,쁘띠프랑스,1929,031-584-8200,경기도 가평군 청평면 호반로 1063,2
31,이정웅스페이스,1930,,경기도 가평군 청평면 북한강로 1921,2
31,청심평화월드센터,1931,031-589-5200,경기도 가평군 설악면 미사리로 258 청심평화월드센터,2
31,가평 쁘띠프랑스,1932,031-584-8200,경기도 가평군 청평면 호반로 1063,2
31,가평 쁘띠프랑스,1933,031-584-8200,경기도 가평군 청평면 호반로 1063,2
31,포도향이 흐르는 마을,1934,031-585-6262,경기도 가평군 상면 음지말로 6,6
31,초롱이둥지마을,1935,031-584-9959,경기도 가평군 설악면 묵안로 906,6
31,버섯구지마을,1936,031-584-9614,경기도 가평군 조종면 대보간선로 173,6
31,아침고요 푸른마을,1937,031-585-3633,경기도 가평군 상면 수목원로 262-22,6
31,물미연꽃마을,1938,031-584-6926,경기도 가평군 설악면 미사리로645번길 185-90,6
31,별바라기마을,1939,031-585-3823,경기도 가평군 조종면 명지산로 325,6
31,아홉마지기 마을,1940,031-582-3115,경기도 가평군 가평읍 용추로 238,6
31,가평아홉마지기마을,1941,010-4580-8380,경기도 가평군 가평읍 용추로 238,6
31,호주전투기념비,1942,031-580-2066,경기도 가평군 북면 목동리 691-1,7
31,캐나다전투기념비,1943,031-580-4675,경기도 가평군 북면 이곡리 207-4,7
31,꿈의동산,1944,031-581-0515,경기도 가평군 청평면 에덴벚꽃길 189,7
31,백련사,1945,031-585-3853,경기도 가평군 상면 샘골길 159-50,7
31,뉴질랜드전투기념비,1946,031-580-2066,경기도 가평군 북면 목동리 691-1,7
31,현등사,1947,031-585-0707,경기도 가평군 조종면 현등사길 34,7
31,에델바이스 스위스 테마파크,1948,031-581-9400,경기도 가평군 설악면 다락재로 226-57,7
31,별비치,1949,031-581-4999,경기도 가평군 북면 멱골로 338,7
31,가평 행복마을 캠핑장,1950,010-9980-9122,경기도 가평군 상면 청군로 776-22,4
31,가평 오렌지캠프,1951,010-2713-5561,경기도 가평군 북면 멱골로272번길 7,4
31,사계절글램핑,1952,,경기도 가평군 가평읍 북한강변로 154,4
31,레저스테이션리조트,1953,031-585-9131,경기도 가평군 설악면 자잠로282번길 72-95,4
31,청평다감 캠핑장,1954,010-3540-4789,경기도 가평군 청평면 호반로 886,4
31,아침고요카라반글램핑,1955,010-8938-1584,경기도 가평군 상면 임초밤안골로 306,4
31,푸른숲캠핑장,1956,010-3266-8577,경기도 가평군 설악면 유명산길 61-108,4
31,융프라우캠핑장,1957,010-2774-5726,경기도 가평군 설악면 어비산길 201-29,4
31,남이섬베스트캠핑장,1958,010-8691-7872,경기도 가평군 가평읍 금대리 329,4
31,솔다람숲힐링파크,1959,010-9038-9961,경기도 가평군 가평읍 두밀리 144-7,4
31,가평 리즈밸리글램핑펜션,1960,031-584-2750,경기도 가평군 설악면 어비산길 201-34,4
31,자우림펜션,1961,010-4488-4644,경기도 가평군 북면 가화로 2697-137,4
31,명돈골캠핑장,1962,031-582-1991,경기도 가평군 북면 논남기길 19-36,4
31,알파고글램핑,1963,010-5287-4471,경기도 가평군 상면 청군로 1559,4
31,또올래캠핑장,1964,010-2918-7780,경기도 가평군 북면 가화로 2745-70,4
31,오카나간오토캠핑장펜션,1965,010-5819-3315,경기도 가평군 설악면 유명산길 61-12,4
31,향기로운 추억 캠핑장,1966,070-4882-2892,경기도 가평군 가평읍 북한강변로 272-1,4
31,화야캠핑장,1967,010-5123-7281,경기도 가평군 설악면 유명로 1970-41,4
31,가평설악 하늘계곡 캠핑장,1968,031-584-6423,경기도 가평군 설악면 봉미산안길 190-27,4
31,포시즌 레저타운 캠핑장,1969,,경기도 가평군 상면 태봉리 535,4
31,별빛오토캠핑장,1970,010-7238-8804,경기도 가평군 설악면 묵안로 219-15,4
31,별드림캠핑장,1971,010-5028-6019,경기도 가평군 가평읍 당목가일길 515,4
31,가평 별다리글램핑,1972,010-5271-3591,경기도 가평군 북면 꽃넘이길 23-7,4
31,가평 둥지글램핑,1973,010-5205-2036,경기도 가평군 설악면 묵안로 976-62,4
31,솔밭펜션캠핑장,1974,031-584-3944,경기도 가평군 조종면 운악청계로371번길 58-34,4
31,소풍캠핑장,1975,010-5273-6445,경기도 가평군 설악면 가일리 108,4
31,가평뜰캠핑장(구 가평뜰),1976,010-6248-7779,경기도 가평군 설악면 뇌암길 49,4
31,새연리조트 가평현리1호점,1977,010-4150-6204,경기도 가평군 조종면 운악청계로333번길 86,4
31,산으로간니모,1978,031-584-5550,경기도 가평군 조종면 연인산로 670-321,4
31,은하캠프,1979,011-246-0287,경기도 가평군 가평읍 읍내리 967-18,4
31,유명산라온캠핑장,1980,031-585-5340,경기도 가평군 설악면 유명산길 124-34,4
31,에뜨유명산 오토캠핑장,1981,010-2559-6792,경기도 가평군 설악면 유명산길 124-17,4
31,올덴 펜션,1982,010-8073-1877,경기도 가평군 청평면 고재길 262-64,4
31,캠플레이 캠핑장,1983,010-4947-3333,경기도 가평군 상면 상동리 250-2,4
31,가평 칼봉산카라반펜션,1984,010-2210-1357,경기도 가평군 가평읍 경반안로 229,4
31,홀리데이캠프캠핑장,1985,010-3722-8513,경기도 가평군 설악면 유명로 654-82,4
31,한송오토캠핑장,1986,010-4755-0432,경기도 가평군 설악면 묵안로 1016,4
31,하늘숲글램핑파크,1987,010-2889-8238,경기도 가평군 북면 화악산로 254-38,4
31,플로렌스글램핑&캠핑,1988,010-2925-1020,경기도 가평군 북면 보안벚꽃길 54,4
31,이지캠핑장,1989,031-585-3103,경기도 가평군 설악면 유명로 2110,4
31,동물카라반펜션,1990,010-8604-0999,경기도 가평군 상면 임초밤안골로 313,4
31,가평카라반캠핑농원,1991,010-8780-2991,경기도 가평군 가평읍 문화로 291-25,4
31,산장관광지,1992,031-8078-8057,경기도 가평군 상면 덕현상장길 74,4
31,아리움캠핑장,1993,031-584-1279,경기도 가평군 상면 왕대벌길 147,4
31,유명산 자연휴양림,1994,031-589-5487,경기도 가평군 설악면 유명산길 79-53,4
31,캠핑어클락,1995,031-585-3509,경기도 가평군 조종면 연인산로474번길 27,4
31,리스캐빈,1996,010-5261-3731,경기도 가평군 설악면 유명산길 61-19,4
31,포시즌캠핑장,1997,010-3201-3940,경기도 가평군 상면 청군로 1640,4
31,은빛물결캠핑장,1998,010-8003-8145,경기도 가평군 조종면 대보간선로260,4
31,캡틴카라반&글램핑,1999,010-5334-8883,경기도 가평군 상면 청군로 776-22,4
31,와이캠핑장,2000,031-584-9878,경기도 가평군 청평면 강변로 115,4
31,포세이돈수상레져,2001,031-585-7461,경기도 가평군 청평면 고재길 262-101,4
31,캠프통아일랜드,2002,031-584-2624,경기도 가평군 청평면 호반로 976,4
31,황토은펜션&글램핑펜션,2003,031-584-2963,경기도 가평군 설악면 장수로79번길 63-18,4
31,유명산힐링캠프,2004,010-8344-2404,경기도 가평군 설악면 어비산길 201-62,4
31,가평별빛누리글램핑,2005,010-3731-7331,경기도 가평군 상면 청군로 261,4
31,온더락,2006,010-7373-4996,경기도 가평군 상면 행현리 480-2,4
31,여우가 달을 사랑할때,2007,031-582-4240,경기도 가평군 가평읍 태봉두밀로596번길 78-16,4
31,용수 그린랜드,2008,010-3888-9482,경기도 가평군 조종면 운악청계로491번길 87,4
31,클럽노블픽,2009,031-584-5588,경기도 가평군 청평면 모꼬지로 154,4
31,이우글램핑&오토캠핑장,2010,031-585-8740,경기도 가평군 상면 원흥리 466,4
31,보리산 캠핑장,2011,031-585-6050,경기도 가평군 설악면 한서로 421-259,4
31,유명산 파크밸리,2012,010-3119-3525,경기도 가평군 설악면 유명로 626,4
31,위크팜글램핑,2013,010-2011-0314,경기도 가평군 상면 원흥길 41,4
31,화악산 네스트펜션 캠핑장,2014,010-4588-6364,경기도 가평군 북면 화악산로 943-50,4
31,한송캠핑장,2015,010-4755-0432,경기도 가평군 설악면 묵안리 171-4,4
31,가평 물골 숲 계곡 캠핑장,2016,010-4764-5094,경기도 가평군 상면 물골길 120,4
31,호명산캠프,2017,031-584-5552,경기도 가평군 청평면 하천리 산4,4
31,가평캠핑스마일,2018,010-8863-0307,경기도 가평군 조종면 연인산로474번길 91-27,4
31,캠프수풀이,2019,010-9313-4162,경기도 가평군 임초밤안골로 230,4
31,토토큰바위캠프,2020,031-581-1979,경기도 가평군 북면 화악산로 1246,4
31,가평 사계절썰매장,2021,031-8078-8048,경기도 가평군 상면 깃대봉길 5-20번지,4
31,가평명지산카라반글램핑,2022,010-3784-0655,경기도 가평군 북면 가화로 2932-23,4
31,녹천농원캠핑펜션,2023,010-8933-1958,경기도 가평군 조종면 운악청계로333번길 55-19,4
31,네스트캠핑장,2024,010-4588-6364,경기도 가평군 북면 화악산로 943-50,4
31,국립유명산자연휴양림(일반),2025,031-589-5487,경기도 가평군 설악면 유명산길 79-53,4
31,가평축협 한우명가,2026,031-581-1592,경기도 가평군 가평읍 달전로 19,0
